kingdom	phylum	ERR1755873	ERR1755874	ERR1755875	ERR1755876	ERR1755877	ERR1755878	ERR1755879	ERR1755880	ERR1755881	ERR1755882	ERR1755883	ERR1755884	ERR1755885	ERR1755886	ERR1755887	ERR1755888	ERR1755889	ERR1755890	ERR1755891	ERR1755892	ERR1755893	ERR1755894	ERR1755895	ERR1755896	ERR1755897	ERR1755898	ERR1755899	ERR1755900	ERR1755901	ERR1755902	ERR1755903	ERR1755904	ERR1755905	ERR1755906	ERR1755907	ERR1755908	ERR1755909	ERR1755910	ERR1755911	ERR1755912	ERR1755913	ERR1755914	ERR1755915	ERR1755916	ERR1755917	ERR1755918	ERR1755919	ERR1755920	ERR1755921	ERR1755922	ERR1755923	ERR1755924	ERR1755925	ERR1755926	ERR1755927	ERR1755928	ERR1755929	ERR1755930	ERR1755931	ERR1755932	ERR1755933	ERR1755934	ERR1755935	ERR1755936	ERR1755937	ERR1755938	ERR1755939	ERR1755940	ERR1755941	ERR1755942	ERR1755943	ERR1755944	ERR1755945	ERR1755946	ERR1755947	ERR1755948	ERR1755949	ERR1755950	ERR1755951	ERR1755952	ERR1755953	ERR1755954	ERR1755955	ERR1755956	ERR1755957	ERR1755958	ERR1755959	ERR1755960	ERR1755961	ERR1755962	ERR1755963	ERR1755964	ERR1755965	ERR1755966	ERR1755967	ERR1755968	ERR1755969	ERR1755970	ERR1755971	ERR1755972	ERR1755973	ERR1755974	ERR1755975	ERR1755976	ERR1755977	ERR1755978	ERR1755979	ERR1755980	ERR1755981	ERR1755982	ERR1755983	ERR1755984	ERR1755985	ERR1755986	ERR1755987	ERR1755988	ERR1755989	ERR1755990	ERR1755991	ERR1755992	ERR1755993	ERR1755994	ERR1755995	ERR1755996	ERR1755997	ERR1755998	ERR1755999	ERR1756000	ERR1756001	ERR1756002	ERR1756003	ERR1756004	ERR1756005	ERR1756006	ERR1756007	ERR1756008	ERR1756009	ERR1756010	ERR1756011	ERR1756012	ERR1756013	ERR1756014	ERR1756015	ERR1756016	ERR1756017	ERR1756018	ERR1756019	ERR1756020	ERR1756021	ERR1756022	ERR1756023	ERR1756024	ERR1756025	ERR1756026	ERR1756027	ERR1756028	ERR1756029	ERR1756030	ERR1756031	ERR1756032	ERR1756033	ERR1756034	ERR1756035	ERR1756036	ERR1756037	ERR1756038	ERR1756039	ERR1756040	ERR1756041	ERR1756042	ERR1756043	ERR1756044	ERR1756045	ERR1756046	ERR1756047	ERR1756048	ERR1756049	ERR1756050	ERR1756051	ERR1756052	ERR1756053	ERR1756054	ERR1756055	ERR1756056	ERR1756057	ERR1756058	ERR1756059	ERR1756060	ERR1756061	ERR1756062	ERR1756063	ERR1756064	ERR1756065	ERR1756066	ERR1756067	ERR1756068	ERR1756069	ERR1756070	ERR1756071	ERR1756072	ERR1756073	ERR1756074	ERR1756075	ERR1756076	ERR1756077	ERR1756078	ERR1756079	ERR1756080	ERR1756081	ERR1756082	ERR1756083	ERR1756084	ERR1756085	ERR1756086	ERR1756087	ERR1756088	ERR1756089	ERR1756090	ERR1756091	ERR1756092	ERR1756093	ERR1756094	ERR1756095	ERR1756096	ERR1756097	ERR1756098	ERR1756099	ERR1756100	ERR1756101	ERR1756102	ERR1756103	ERR1756104	ERR1756105	ERR1756106	ERR1756107	ERR1756108	ERR1756109	ERR1756110	ERR1756111	ERR1756112	ERR1756113	ERR1756114	ERR1756115	ERR1756116	ERR1756117	ERR1756118	ERR1756119	ERR1756120	ERR1756121	ERR1756122	ERR1756123	ERR1756124	ERR1756125	ERR1756126	ERR1756127	ERR1756128	ERR1756129	ERR1756130	ERR1756131	ERR1756132	ERR1756133	ERR1756134	ERR1756135	ERR1756136	ERR1756137	ERR1756138	ERR1756139	ERR1756140	ERR1756141	ERR1756142	ERR1756143	ERR1756144	ERR1756145	ERR1756146	ERR1756147	ERR1756148	ERR1756149	ERR1756150	ERR1756151	ERR1756152	ERR1756153	ERR1756154	ERR1756155	ERR1756156	ERR1756157	ERR1756158	ERR1756159	ERR1756160	ERR1756161	ERR1756162	ERR1756163	ERR1756164	ERR1756165	ERR1756166	ERR1756167	ERR1756168	ERR1756169	ERR1756170	ERR1756171	ERR1756172	ERR1756173	ERR1756174	ERR1756175	ERR1756176	ERR1756177	ERR1756178	ERR1756179	ERR1756180	ERR1756181	ERR1756182	ERR1756183	ERR1756184	ERR1756185	ERR1756186	ERR1756187	ERR1756188	ERR1756189	ERR1756190	ERR1756191	ERR1756192	ERR1756193	ERR1756194	ERR1756195	ERR1756196	ERR1756197	ERR1756198	ERR1756199	ERR1756200	ERR1756201	ERR1756202	ERR1756203	ERR1756204	ERR1756205	ERR1756206	ERR1756207	ERR1756208	ERR1756209	ERR1756210	ERR1756211	ERR1756212	ERR1756213	ERR1756214	ERR1756215	ERR1756216	ERR1756217	ERR1756218	ERR1756219	ERR1756220	ERR1756221	ERR1756222	ERR1756223	ERR1756224	ERR1756225	ERR1756226	ERR1756227	ERR1756228	ERR1756229	ERR1756230	ERR1756231	ERR1756232	ERR1756233	ERR1756234	ERR1756235	ERR1756236	ERR1756237	ERR1756238	ERR1756239	ERR1756240	ERR1756241	ERR1756242	ERR1756243	ERR1756244	ERR1756245	ERR1756246	ERR1756247	ERR1756248	ERR1756249	ERR1756250	ERR1756251	ERR1756252	ERR1756253	ERR1756254	ERR1756255	ERR1756256	ERR1756257	ERR1756258	ERR1756259	ERR1756260	ERR1756261	ERR1756262	ERR1756263	ERR1756264	ERR1756265	ERR1756266	ERR1756267	ERR1756268	ERR1756269	ERR1756270	ERR1756271	ERR1756272	ERR1756273	ERR1756274	ERR1756275	ERR1756276	ERR1756277	ERR1756278	ERR1756279	ERR1756280	ERR1756281	ERR1756282	ERR1756283	ERR1756284	ERR1756285	ERR1756286	ERR1756287	ERR1756288	ERR1756289	ERR1756290	ERR1756291	ERR1756292	ERR1756293	ERR1756294	ERR1756295	ERR1756296	ERR1756297	ERR1756298	ERR1756299	ERR1756300	ERR1756301	ERR1756302	ERR1756303	ERR1756304	ERR1756305	ERR1756306	ERR1756307	ERR1756308	ERR1756309	ERR1756310	ERR1756311	ERR1756312	ERR1756313	ERR1756314	ERR1756315	ERR1756316	ERR1756317	ERR1756318	ERR1756319	ERR1756320	ERR1756321	ERR1756322	ERR1756323	ERR1756324	ERR1756325	ERR1756326	ERR1756327	ERR1756328	ERR1756329	ERR1756330	ERR1756331	ERR1756332	ERR1756333	ERR1756334	ERR1756335	ERR1756336	ERR1756337	ERR1756338	ERR1756339	ERR1756340	ERR1756341	ERR1756342	ERR1756343	ERR1756344	ERR1756345	ERR1756346	ERR1756347	ERR1756348	ERR1756349	ERR1756350	ERR1756351	ERR1756352	ERR1756353	ERR1756354	ERR1756355	ERR1756356	ERR1756357	ERR1756358	ERR1756359	ERR1756360	ERR1756361	ERR1756362	ERR1756363	ERR1756364	ERR1756365	ERR1759703	ERR1759704	ERR1759705	ERR1759706	ERR1759707	ERR1759708	ERR1759709	ERR1759710	ERR1759711	ERR1759712	ERR1759713	ERR1759714	ERR1759715	ERR1759716	ERR1759717	ERR1759718	ERR1759719	ERR1879659	ERR1879660	ERR1879661	ERR1879662	ERR1879663	ERR1879664	ERR1879665	ERR1879666	ERR1879667	ERR1879668	ERR1879669	ERR1879670	ERR1879671	ERR1879672	ERR1879673	ERR1879674	ERR1879675	ERR1879676	ERR1879677	ERR1879678	ERR1879679	ERR1879680	ERR1879681	ERR1879682	ERR1879683	ERR1879684	ERR1879685	ERR1879686	ERR1879687	ERR1879688	ERR1879689	ERR1879690	ERR1879691	ERR1879692	ERR1879693	ERR1879694	ERR1879695	ERR1879696	ERR1879697	ERR1879698	ERR1879699	ERR1879700	ERR1879701	ERR1879702	ERR1879703	ERR1879704	ERR1879705	ERR1879706	ERR1879707	ERR1879708	ERR1879709	ERR1879710	ERR1879711	ERR1879712	ERR1879713	ERR1879714	ERR1879715	ERR1879716	ERR1879717	ERR1879718	ERR1879719	ERR1879720	ERR1879721	ERR1879722	ERR1879723	ERR1879724	ERR1879725	ERR1879726	ERR1879727	ERR1879728	ERR1879729	ERR1879730	ERR1879731	ERR1879732	ERR1879733	ERR1879734	ERR1879735	ERR1879736	ERR1879737	ERR1879738	ERR1879739	ERR1879740	ERR1879741	ERR1879742	ERR1879743	ERR1879744	ERR1879745	ERR1879746	ERR1879747	ERR1879748	ERR1879749	ERR1879750	ERR1879751	ERR1879752	ERR1879753	ERR1879754	ERR1879755	ERR1879756	ERR1879757	ERR1879758	ERR1879759	ERR1879760	ERR1879761	ERR1879762	ERR1879763	ERR1879764	ERR1879765	ERR1879766	ERR1879767	ERR1879768	ERR1879769	ERR1879770	ERR1879771	ERR1879772	ERR1879773	ERR1879774	ERR1879775	ERR1879776	ERR1879777	ERR1879778	ERR1879779	ERR1879780	ERR1879781	ERR1879782	ERR1879783	ERR1879784	ERR1879785	ERR1879786	ERR1879787	ERR1879788	ERR1879789	ERR1879790	ERR1879791	ERR1879792	ERR1879793	ERR1879794	ERR1879795	ERR1879796	ERR1879797	ERR1879798	ERR1879799	ERR1879800	ERR1879801	ERR1879802	ERR1879803	ERR1879804	ERR1879805	ERR1879806	ERR1879807	ERR1879808	ERR1879809	ERR1879810	ERR1879811	ERR1879812	ERR1879813	ERR1879814	ERR1879815	ERR1879816	ERR1879817	ERR1879818	ERR1879819	ERR1879820	ERR1879821	ERR1879822	ERR1879823	ERR1879824	ERR1879825	ERR1879826	ERR1879827	ERR1879828	ERR1879829	ERR1879830	ERR1879831	ERR1879832	ERR1879833	ERR1879834	ERR1879835	ERR1879836	ERR1879837	ERR1879838	ERR1879839	ERR1879840	ERR1879841	ERR1879842	ERR1879843	ERR1879844	ERR1879845	ERR1879846	ERR1879847	ERR1879848	ERR1879849	ERR1879850	ERR1879851	ERR1879852	ERR1879853	ERR1879854	ERR1879855	ERR1879856	ERR1879857	ERR1879858	ERR1879859	ERR1879860	ERR1879861	ERR1879862	ERR1879863	ERR1879864	ERR1879865	ERR1879866	ERR1879867	ERR1879868	ERR1879869	ERR1879870	ERR1879871	ERR1879872	ERR1879873	ERR1879874	ERR1879875	ERR1879876	ERR1879877	ERR1879878	ERR1879879	ERR1879880	ERR1879881	ERR1879882	ERR1879883	ERR1879884	ERR1879885	ERR1879886	ERR1879887	ERR1879888	ERR1879889	ERR1879890	ERR1879891	ERR1879892	ERR1879893	ERR1879894	ERR1879895	ERR1879896	ERR1879897	ERR1879898	ERR1879899	ERR1879900	ERR1879901	ERR1879902	ERR1879903	ERR1879904	ERR1879905	ERR1879906	ERR1879907	ERR1879908	ERR1879909	ERR1879910	ERR1879911	ERR1879912	ERR1879913	ERR1879914	ERR1879915	ERR1879916	ERR1879917	ERR1879918	ERR1879919	ERR1879920	ERR1879921	ERR1879922	ERR1879923	ERR1879924	ERR1879925	ERR1879926	ERR1879927	ERR1879928	ERR1879929	ERR1879930	ERR1879931	ERR1879932	ERR1879933	ERR1879934	ERR1879935	ERR1879936	ERR1879937	ERR1879938	ERR1879939	ERR1879940	ERR1879941	ERR1879942	ERR1879943	ERR1879944	ERR1879945	ERR1879946	ERR1879947	ERR1879948	ERR562362	ERR562363	ERR562364	ERR562365	ERR562366	ERR562367	ERR562368	ERR562369	ERR562370	ERR562371	ERR562372	ERR562373	ERR562374	ERR562375	ERR562376	ERR562377	ERR562378	ERR562379	ERR562380	ERR562381	ERR562382	ERR562383	ERR562384	ERR562385	ERR562386	ERR562387	ERR562388	ERR562389	ERR562390	ERR562391	ERR562392	ERR562393	ERR562394	ERR562395	ERR562396	ERR562397	ERR562398	ERR562399	ERR562400	ERR562401	ERR562402	ERR562403	ERR562404	ERR562405	ERR562406	ERR562407	ERR562408	ERR562409	ERR562410	ERR562411	ERR562412	ERR562413	ERR562414	ERR562415	ERR562416	ERR562417	ERR562418	ERR562419	ERR562420	ERR562421	ERR562422	ERR562423	ERR562424	ERR562425	ERR562426	ERR562427	ERR562428	ERR562429	ERR562430	ERR562431	ERR562432	ERR562433	ERR562434	ERR562435	ERR562436	ERR562437	ERR562438	ERR562439	ERR562440	ERR562441	ERR562442	ERR562443	ERR562444	ERR562445	ERR562446	ERR562447	ERR562448	ERR562449	ERR562450	ERR562451	ERR562452	ERR562453	ERR562454	ERR562455	ERR562456	ERR562457	ERR562458	ERR562459	ERR562460	ERR562461	ERR562462	ERR562463	ERR562464	ERR562465	ERR562466	ERR562467	ERR562468	ERR562469	ERR562470	ERR562471	ERR562472	ERR562473	ERR562474	ERR562475	ERR562476	ERR562477	ERR562478	ERR562479	ERR562480	ERR562481	ERR562482	ERR562483	ERR562484	ERR562485	ERR562486	ERR562487	ERR562488	ERR562489	ERR562490	ERR562491	ERR562492	ERR562493	ERR562494	ERR562495	ERR562496	ERR562497	ERR562498	ERR562499	ERR562500	ERR562501	ERR562502	ERR562503	ERR562504	ERR562505	ERR562506	ERR562507	ERR562508	ERR562509	ERR562510	ERR562511	ERR562512	ERR562513	ERR562514	ERR562515	ERR562516	ERR562517	ERR562518	ERR562519	ERR562520	ERR562521	ERR562522	ERR562523	ERR562524	ERR562525	ERR562526	ERR562527	ERR562528	ERR562529	ERR562530	ERR562531	ERR562532	ERR562533	ERR562534	ERR562536	ERR562537	ERR562538	ERR562539	ERR562540	ERR562541	ERR562542	ERR562543	ERR562544	ERR562545	ERR562546	ERR562547	ERR562548	ERR562549	ERR562550	ERR562551	ERR562552	ERR562553	ERR562554	ERR562555	ERR562556	ERR562557	ERR562558	ERR562559	ERR562560	ERR562561	ERR562562	ERR562563	ERR562564	ERR562565	ERR562566	ERR562567	ERR562568	ERR562569	ERR562570	ERR562571	ERR562572	ERR562573	ERR562574	ERR562575	ERR562576	ERR562577	ERR562578	ERR562579	ERR562580	ERR562581	ERR562582	ERR562583	ERR562584	ERR562585	ERR562586	ERR562587	ERR562588	ERR562589	ERR562590	ERR562591	ERR562592	ERR562593	ERR562594	ERR562595	ERR562596	ERR562597	ERR562598	ERR562599	ERR562600	ERR562601	ERR562602	ERR562603	ERR562604	ERR562605	ERR562606	ERR562607	ERR562608	ERR562609	ERR562610	ERR562611	ERR562612	ERR562613	ERR562614	ERR562615	ERR562616	ERR562617	ERR562618	ERR562619	ERR562620	ERR562621	ERR562622	ERR562623	ERR562624	ERR562625	ERR562626	ERR562627	ERR562628	ERR562629	ERR562630	ERR562631	ERR562632	ERR562633	ERR562634	ERR562635	ERR562636	ERR562637	ERR562638	ERR562639	ERR562640	ERR562641	ERR562642	ERR562643	ERR562644	ERR562645	ERR562646	ERR562647	ERR562648	ERR562649	ERR562650	ERR562651	ERR562652	ERR562653	ERR562654	ERR562655	ERR562656	ERR562657	ERR562658	ERR562659	ERR562660	ERR562661	ERR562662	ERR562663	ERR562664	ERR562665	ERR562666	ERR562667	ERR562668	ERR562669	ERR562670	ERR562671	ERR562672	ERR562673	ERR562674	ERR562675	ERR562676	ERR562677	ERR562678	ERR562679	ERR562680	ERR562681	ERR562682	ERR562683	ERR562684	ERR562685	ERR562686	ERR562687	ERR562688	ERR562689	ERR562690	ERR562691	ERR562692	ERR562693	ERR562694	ERR562695	ERR562696	ERR562697	ERR562698	ERR562699	ERR562700	ERR562701	ERR562702	ERR562703	ERR562704	ERR562705	ERR562706	ERR562707	ERR562708	ERR562709	ERR562710	ERR562711	ERR562712	ERR562713	ERR562714	ERR562715	ERR562716	ERR562717	ERR562718	ERR562719	ERR562720	ERR562721	ERR562722	ERR562723	ERR562724	ERR562725	ERR562726	ERR562727	ERR562728	ERR562729	ERR562730	ERR566174
Archaea	Candidatus_Bathyarchaeota	0	0	0	0	0	0	0	0	0	0	0	0	0	0	0	0	0	0	0	0	0	0	0	0	0	0	0	0	0	0	0	0	0	0	0	0	0	0	0	0	0	0	0	0	0	0	0	0	0	0	0	0	0	0	0	0	0	0	1	0	0	0	0	0	0	0	0	0	0	0	0	0	0	0	0	0	0	0	0	0	0	0	0	0	0	0	0	0	0	0	0	0	0	0	0	0	0	0	0	0	0	0	0	0	0	0	0	0	0	0	0	0	0	0	0	0	0	0	0	0	0	0	0	0	0	0	0	0	0	0	0	0	0	0	0	0	0	0	0	0	0	0	0	0	0	0	0	0	0	0	0	0	0	0	0	0	0	0	0	0	0	0	0	0	0	0	0	0	0	0	0	0	0	0	0	0	0	0	0	0	0	0	0	0	0	0	0	0	0	0	0	0	0	0	0	0	0	0	0	0	0	0	0	0	0	0	0	0	0	0	0	0	0	0	0	0	0	0	0	0	0	0	0	0	0	0	0	0	0	0	0	0	0	0	0	0	0	0	0	0	0	0	0	0	0	0	0	0	0	0	0	0	0	0	0	0	0	0	0	0	0	0	0	0	0	0	0	0	0	0	0	0	0	0	0	0	0	0	0	0	0	0	0	0	0	0	0	0	0	0	0	0	0	0	0	0	0	0	0	0	0	0	0	0	0	0	0	0	0	0	0	0	0	0	0	0	0	0	0	0	0	0	0	0	0	0	0	0	0	0	0	0	0	0	0	0	0	0	0	0	0	0	0	0	0	0	0	0	0	0	0	0	0	0	0	0	0	0	0	0	0	0	0	0	0	0	0	0	0	0	0	0	0	0	0	0	0	0	0	0	0	0	0	0	0	0	0	0	0	0	0	0	0	0	0	0	0	0	0	0	0	0	0	0	0	0	0	0	0	0	0	0	0	0	0	0	0	0	0	0	0	0	0	0	0	0	0	0	0	0	0	0	0	0	0	0	0	0	0	0	0	0	0	0	0	0	0	0	0	0	0	0	0	0	0	0	0	0	0	0	0	0	0	0	0	0	0	0	0	0	0	0	0	0	0	0	0	0	0	0	0	0	0	0	0	0	0	0	0	0	0	0	0	0	0	0	0	0	0	0	0	0	0	0	0	0	0	0	0	0	0	0	0	0	0	0	0	0	0	0	0	0	0	0	0	0	0	0	0	0	0	0	0	0	0	0	0	0	0	0	0	0	0	0	0	0	0	0	0	0	0	0	0	0	0	0	0	0	0	0	0	0	0	0	0	0	0	0	0	0	0	0	0	0	0	0	0	0	0	0	0	0	0	0	0	0	0	0	0	0	0	0	0	0	0	0	0	0	0	0	0	0	0	0	0	0	0	0	0	0	0	0	0	0	0	0	0	0	0	0	0	0	0	0	0	0	0	0	0	0	0	0	0	0	0	0	0	0	0	0	0	0	0	0	0	0	0	0	0	0	0	0	0	0	0	0	0	0	0	0	0	0	0	0	0	0	0	0	0	0	0	0	0	0	0	0	0	0	0	0	0	0	0	0	0	0	0	0	0	0	0	0	0	0	0	0	0	0	0	0	0	0	0	0	0	0	0	0	0	0	0	0	0	0	0	0	0	0	0	0	0	0	0	0	0	0	0	0	0	0	0	0	0	0	0	0	0	0	0	0	0	0	0	0	0	0	0	0	0	0	0	0	0	0	0	0	0	0	0	0	0	0	0	0	0	0	0	0	0	0	0	0	0	0	0	0	0	0	0	0	0	0	0	0	0	0	0	0	0	0	0	0	0	0	0	0	0	0	0	0	0	0	0	0	0	0	0	0	0	0	0	0	0	0	0	0	0	0	0	0	0	0	0	0	0	0	0	0	0	0	0	0	0	0	0	0	0	0	0	0	0	0	0	0	0	0	0	0	0	0	0	0	0	0	0	0	0	0	0	0	0	0	0	0	0	0	0	0	0	0	0	0	0	0	0	0	0	0	0	0	0	0	0	0	0	0	0	0	0	0	0	0	0	0	0	0	0	0	0	0	0	0	0	0	0	0	0	0	0	0	0	0	0	0	0	0	0	0	0	0	0	0	0	0	0	0	0	0	0	0	0	0	0	0	0	0	0	0	0	0	0	0	0	0	0	0	0	0	0	0	0	0	0	0	0	0	0	0	0	0	0	0	0	0	0	0	0	0	0	0	0	0	0	0	0	0	0	0	0	0	0	0	0	0	0	0	0	0	0	0	0	0	0	0	0	0	0	0	0	0	0	0	0	0	0	0	0	0	0	0	0	0	0	0	0	0	0	0	0	0	0	0	0	0	0	0	0	0	0	0	0	0	0	0	0	0	0	0	0	0	0	0	0	0	0	0	0	0	0	0	0	0	0	0	0	0	0	0	0	0	0	0	0	0	0	0	0	0	0	0	0	0	0	0	0	0	0	0	0	0	0	0	0	0	0	0	0	0	0	0	0	0	0	0	0	0	0	0	0	0	0	0	0	0	0	0	0	0	0	0	0	0	0	0	0	0	0	0	0	0	0	0	0	0	0	0	0	0	0	0	0	0	0	0	0	0	0	0	0	0	0	0	0	0	0	0	0	0	0	0	0	0	0	0	0	0	0	0	0	0	0	0	0	0	0	0	0	0	0
Archaea	Candidatus_Diapherotrites	0	0	0	0	0	0	0	0	0	0	0	0	0	0	0	0	0	0	0	0	0	0	0	0	0	0	0	0	0	0	0	0	0	0	0	0	0	0	0	0	0	0	0	0	0	0	0	0	0	0	0	0	0	0	0	0	0	0	0	0	0	0	0	0	0	0	0	0	0	0	0	0	0	0	0	0	0	0	0	0	0	0	0	0	0	0	0	0	0	0	0	0	0	0	0	0	0	0	0	0	0	0	0	0	0	0	0	0	0	0	0	0	0	0	0	0	0	0	0	0	0	0	0	0	0	0	0	0	0	0	0	0	0	0	0	0	0	0	0	0	0	0	0	0	0	0	0	0	0	0	0	0	0	0	0	0	0	0	0	0	0	0	0	0	0	0	0	0	0	0	0	0	0	0	0	0	0	0	0	0	0	0	0	0	0	0	0	0	0	0	0	0	0	0	0	0	0	0	0	0	0	0	0	0	0	0	0	0	0	0	0	0	0	0	0	0	0	0	0	0	0	0	0	0	0	0	0	0	0	0	0	0	0	0	0	0	0	0	0	0	0	0	0	0	0	0	0	0	0	0	0	0	0	0	0	0	0	0	0	0	0	0	0	0	0	0	0	0	0	0	0	0	0	0	0	0	0	0	0	0	0	0	0	0	0	0	0	0	0	0	0	0	0	0	0	0	0	0	0	0	0	0	0	0	0	0	0	0	0	0	0	0	0	0	0	0	0	0	0	0	0	0	0	0	0	0	0	0	0	0	0	0	0	0	0	0	0	0	0	0	0	0	0	0	0	0	0	0	0	0	0	0	0	0	0	0	0	0	0	0	0	0	0	0	0	0	0	0	0	0	0	0	0	0	0	0	0	0	0	0	0	0	0	0	0	0	0	0	0	0	0	0	0	0	0	0	0	0	0	0	0	0	0	0	0	0	0	0	0	0	0	0	0	0	0	0	0	0	0	0	0	0	0	0	0	0	0	0	0	0	0	0	0	0	0	0	0	0	0	0	0	0	0	0	0	0	0	0	0	0	0	0	0	0	0	0	0	0	0	0	0	0	0	0	0	0	0	0	0	0	0	0	0	0	0	0	0	0	0	0	0	0	0	0	0	0	0	0	0	0	0	0	0	0	0	0	0	0	0	0	0	0	0	0	0	0	0	0	0	0	0	0	0	0	0	0	0	0	0	0	0	0	0	0	0	0	0	0	0	0	0	0	0	0	0	0	0	0	0	0	0	0	0	0	0	0	0	0	0	0	0	0	0	0	0	0	0	0	0	0	0	0	0	0	0	0	0	0	0	0	0	0	0	0	0	0	0	0	0	0	0	0	0	0	0	0	0	0	0	0	0	0	0	0	0	0	0	0	0	0	0	0	0	0	0	0	0	0	0	0	0	0	0	0	0	0	0	0	0	0	0	0	0	0	0	0	0	0	0	0	0	0	0	0	0	0	0	0	0	0	0	0	0	0	0	0	0	0	0	0	0	0	0	0	0	0	0	0	0	0	0	0	0	0	0	0	0	0	0	0	0	0	0	0	0	0	0	0	0	0	0	0	0	0	0	0	0	0	0	0	0	0	0	0	0	0	0	0	0	0	0	0	0	0	0	0	0	0	0	0	0	0	0	0	0	0	0	0	0	0	0	0	0	0	0	0	0	0	0	0	0	0	0	0	0	0	0	0	0	0	0	0	0	0	0	0	0	1	0	0	0	0	0	0	0	0	0	0	0	0	0	0	0	0	0	0	0	0	0	0	0	0	0	0	0	0	0	0	0	0	0	0	0	0	0	0	0	0	0	0	0	0	0	0	0	0	0	0	0	0	0	0	0	0	0	0	0	0	0	0	0	0	0	0	0	0	0	0	0	0	0	0	0	0	0	0	0	0	0	0	0	0	0	0	0	0	0	0	0	0	0	0	0	0	0	0	0	0	0	0	0	0	0	0	0	0	0	0	0	0	0	0	0	0	0	0	0	0	0	0	0	0	0	0	0	0	0	0	0	0	0	0	0	0	0	0	0	0	0	0	0	0	0	0	0	0	0	0	0	0	0	0	0	0	0	0	0	0	0	0	0	0	0	0	0	0	0	0	0	0	0	0	0	0	0	0	0	0	0	0	0	0	0	0	0	0	0	0	0	0	0	0	0	0	0	0	0	0	0	0	0	0	0	0	0	0	0	0	0	0	0	0	0	0	0	0	0	0	0	0	0	0	0	0	0	0	0	0	0	0	0	0	0	0	0	0	0	0	0	0	0	0	0	0	0	0	0	0	0	0	0	0	0	0	0	0	0	0	0	0	0	0	0	0	0	0	0	0	0	0	0	0	0	0	0	0	0	0	0	0	0	0	0	0	0	0	0	0	0	0	0	0	0	0	0	0	0	0	0	0	0	0	0	0	0	0	0	0	0	0	0	0	0	0	0	0	0	0	0	0	0	0	0	0	0	0	0	0	0	0	0	0	0	0	0	0	0	0	0	0	0	0	0	0	0	0	0	0	0	0	0	0	0	0	0	0	0	0	0	0	0	0	0	0	0	0	0	0	0	0	0	0	0	0	0	0	0	0	0	0	0	0	0	0	0	0	0	0	0	0	0	0	0	0	0	0	0	0	0	0	0	0	0	0	0	0	0	0	0	0	0	0	0	0	0	0	0	0	0
Archaea	Candidatus_Heimdallarchaeota	0	0	0	0	0	0	0	0	0	0	0	0	0	0	0	0	0	0	0	0	0	0	0	0	0	0	0	0	0	0	0	0	0	0	0	0	0	0	0	0	0	0	0	0	0	0	0	0	0	0	0	0	0	0	0	0	0	0	0	0	0	0	0	0	0	0	3	0	0	0	0	0	0	0	0	0	0	0	0	0	0	0	0	0	0	0	0	0	0	0	0	0	0	0	0	0	0	0	0	0	0	0	0	0	0	0	0	0	0	0	0	0	0	0	0	0	0	0	0	0	0	0	0	0	0	0	0	0	0	0	0	0	0	0	0	0	0	0	0	0	0	0	0	0	0	0	0	0	0	0	0	0	0	0	0	0	0	0	0	0	0	0	0	0	0	0	0	0	0	0	0	0	0	0	0	0	0	0	0	0	0	0	0	0	0	0	0	0	0	0	0	0	0	0	0	0	0	0	0	0	0	0	0	0	0	0	0	0	0	0	0	0	0	0	0	0	0	0	0	0	0	0	0	0	0	0	0	0	0	0	0	0	0	0	0	0	0	0	0	0	0	0	0	0	0	0	0	0	0	0	0	0	0	0	0	0	0	0	0	0	2	0	0	0	0	0	0	0	0	0	0	0	0	0	0	0	0	0	0	0	0	0	0	0	0	0	2	0	0	0	0	0	0	0	0	0	0	0	0	0	0	0	0	0	0	0	0	0	0	0	0	0	0	0	0	0	0	0	0	0	0	0	0	0	0	0	0	0	0	0	0	0	0	0	0	0	0	0	0	0	0	0	0	0	0	0	0	0	0	0	0	0	0	0	0	0	0	0	0	0	0	0	0	0	0	0	0	0	0	0	0	0	0	0	0	0	0	0	0	0	0	0	0	2	0	0	0	0	0	0	0	0	0	0	0	0	0	0	0	0	0	0	0	0	0	0	0	0	0	0	0	0	0	0	0	0	0	0	0	0	0	0	0	0	0	0	0	0	0	0	0	0	0	0	0	0	0	0	0	0	0	0	0	0	0	0	0	0	0	0	0	0	0	0	0	0	0	0	0	0	0	0	0	0	0	0	0	0	0	0	0	0	0	0	0	0	0	0	0	0	0	0	0	0	0	0	0	0	0	0	0	0	0	0	0	0	0	0	0	0	0	0	0	0	0	0	0	0	0	0	0	0	0	0	0	0	0	0	0	0	0	0	0	0	0	0	0	0	0	0	0	0	0	0	0	0	0	0	0	0	0	0	0	0	0	0	0	0	0	0	0	0	0	0	0	0	0	0	0	0	0	0	0	0	0	2	0	0	0	0	0	0	0	0	0	0	0	0	0	0	0	0	0	0	0	0	0	0	0	0	0	0	0	0	0	0	0	0	0	0	0	0	0	0	0	0	0	0	0	0	0	0	0	0	0	0	0	0	0	0	0	0	0	0	0	0	0	0	0	0	0	0	0	0	0	0	0	0	0	0	0	0	0	0	0	0	0	0	0	0	0	0	0	0	0	0	0	0	0	0	0	0	0	0	0	0	0	0	0	0	0	0	0	0	0	0	0	0	0	0	0	0	0	0	0	0	0	0	0	0	0	0	0	0	0	0	0	0	0	0	0	0	0	0	0	0	0	0	0	0	0	0	0	0	0	0	0	0	0	0	0	0	0	0	0	0	0	0	0	0	0	0	0	0	0	0	0	0	0	0	0	0	0	0	0	0	0	0	0	0	0	0	0	0	0	0	0	0	0	0	0	0	0	0	0	0	0	0	0	0	0	0	0	0	0	0	0	0	0	0	0	0	0	0	0	0	0	0	0	0	0	0	0	0	0	0	0	0	0	0	0	0	0	0	0	0	0	0	0	0	0	0	0	0	0	0	0	0	0	0	0	0	0	0	0	0	0	0	0	0	0	0	0	0	0	0	0	0	0	0	0	0	0	0	0	0	0	0	0	0	0	0	0	0	0	0	0	0	0	0	0	0	0	0	0	0	0	0	0	0	0	0	0	0	0	0	0	0	0	0	0	0	0	0	0	0	0	0	0	0	0	0	0	0	0	0	0	0	0	0	0	0	0	0	0	0	0	0	0	0	0	0	0	0	0	0	0	0	0	0	0	0	0	0	0	0	0	0	0	0	0	0	0	0	0	0	0	0	0	0	0	0	0	0	0	0	0	0	0	0	0	0	0	0	0	0	0	0	0	0	0	0	0	0	0	0	0	0	0	0	0	0	0	0	0	0	0	0	0	0	0	0	0	0	0	0	0	0	0	0	0	0	0	0	0	0	0	0	0	0	0	0	0	0	0	0	0	0	0	0	0	0	0	0	0	0	0	0	0	0	0	0	0	0	0	0	0	0	0	0	0	0	0	0	0	0	0	0	0	0	0	0	0	0	0	0	0	0	0	0	0	0	0	0	0	0	0	0	0	0	0	0	0	0	0	0	0	0	0	0	0	0	0	0	0	0	0	0	0	0	0	0	0	0	0	0	0	0	0	0	0	0	0	0	0	0	0	0	0	0	0	0	0	0	0	0	0	0	0	0	0	0	0	0	0	0	0	0	0	0	0	0	0	0	0	0	0	0	0	0	0	0	0	0	0	0	0	0	0	0	0	0	0	0	0	0	0	0	0	0	0	0	0	0	0	0	0	0	0	0	0	0	0	0	0	0	0	0	0
Archaea	Candidatus_Verstraetearchaeota	0	1	0	0	0	0	0	0	0	0	0	0	0	0	0	0	0	0	0	0	0	0	0	0	0	0	0	0	0	0	0	0	0	0	0	0	0	0	0	0	0	0	0	0	0	0	0	0	0	0	0	0	0	0	0	0	0	0	0	0	0	0	0	0	0	0	0	0	0	1	0	0	0	0	0	0	0	0	0	0	0	0	0	0	0	0	0	0	0	0	0	0	0	0	0	0	0	0	0	0	0	0	0	0	0	0	0	0	0	0	0	0	0	0	0	0	0	0	0	0	0	0	0	0	0	0	0	0	0	0	0	0	0	0	0	0	0	0	0	0	0	0	0	0	0	0	0	0	0	0	0	0	0	0	0	0	0	0	0	0	0	0	0	0	0	0	0	0	0	0	0	0	0	0	0	0	0	0	0	0	0	0	0	0	0	0	0	0	0	0	0	0	0	0	0	0	0	0	0	1	0	0	0	0	0	0	0	0	0	0	0	0	0	0	0	0	0	0	0	0	0	0	0	0	0	0	0	0	0	0	0	0	0	0	0	0	0	0	0	0	0	0	0	0	0	0	0	0	0	0	0	0	0	0	0	0	0	0	0	0	0	0	0	0	0	0	0	0	0	0	0	0	0	0	0	0	0	0	0	0	0	0	0	0	0	0	0	0	0	0	0	0	0	0	0	0	0	0	0	0	0	0	0	0	0	0	0	0	0	0	0	0	0	0	0	0	0	0	0	0	0	0	0	0	0	0	0	0	0	0	0	0	0	0	0	0	0	0	0	0	0	0	0	0	0	1	0	0	0	0	0	0	0	0	0	0	0	0	0	0	0	0	0	0	0	0	0	0	0	0	0	0	0	0	0	0	0	0	0	0	0	0	0	0	0	0	0	0	0	0	0	0	0	0	0	0	0	0	0	0	0	0	0	0	0	0	0	0	0	0	0	0	0	0	0	0	0	0	0	0	0	0	0	0	0	0	0	0	0	0	0	0	0	0	0	0	0	0	0	0	0	0	0	0	0	0	0	0	0	0	0	0	0	0	0	0	0	0	0	0	0	1	0	0	0	0	0	0	0	0	0	0	0	1	0	0	0	0	0	0	0	0	0	0	0	0	0	0	0	0	0	0	0	0	0	0	0	0	0	0	0	0	0	0	0	0	0	0	0	0	0	0	0	0	0	0	0	0	0	0	0	0	0	0	0	0	0	0	0	0	0	0	0	0	0	0	0	0	0	0	0	0	0	0	0	0	0	0	0	0	0	0	0	0	0	0	0	0	0	0	0	0	0	0	0	0	0	0	0	0	0	0	0	0	0	0	0	0	0	0	0	0	0	0	0	0	0	0	0	0	0	0	0	0	0	0	0	0	0	0	0	0	0	0	0	0	0	0	0	0	0	0	0	0	0	0	0	0	0	0	0	0	0	0	0	0	0	0	0	0	0	0	0	0	0	0	0	0	0	0	0	0	0	0	0	0	0	0	0	0	0	0	0	0	0	0	0	0	0	0	0	0	0	0	0	0	0	0	0	0	0	0	0	0	0	0	0	0	0	0	0	0	0	0	0	0	0	0	0	0	0	0	0	0	0	0	0	0	0	0	0	0	0	0	0	0	0	0	0	0	0	0	0	0	0	0	0	0	0	0	0	0	0	0	0	0	0	0	0	0	0	0	0	0	0	0	0	0	0	0	0	0	0	0	0	0	0	0	0	0	0	0	0	0	0	0	0	0	0	0	0	0	0	0	0	0	0	0	0	0	0	0	0	0	0	0	0	1	0	0	0	0	0	0	0	0	0	0	0	0	0	0	0	0	0	0	0	0	0	0	0	0	0	0	0	0	0	0	0	0	0	0	0	0	0	0	0	0	0	0	1	0	0	0	0	0	0	0	0	0	0	0	0	0	0	0	0	0	0	0	0	0	0	0	0	0	0	0	0	0	0	0	0	0	0	0	0	0	0	0	0	0	0	0	0	0	0	0	0	0	0	0	0	0	0	0	0	0	0	0	0	0	0	0	0	0	0	0	0	0	0	0	0	0	0	0	0	0	0	0	0	0	0	0	0	0	0	0	0	0	0	0	0	0	0	0	0	0	0	0	0	0	0	0	0	0	0	0	0	0	0	0	0	0	0	0	0	0	0	0	0	0	0	0	0	0	0	0	0	0	0	0	0	0	0	0	0	0	0	0	0	0	0	0	0	0	0	0	0	0	0	0	0	0	0	0	0	0	0	0	0	0	0	0	0	0	0	0	0	0	0	0	0	0	0	0	0	0	0	0	0	0	0	0	0	0	0	0	0	0	0	0	0	0	0	0	0	0	0	0	0	0	0	0	0	0	0	0	0	0	0	0	0	0	0	0	0	0	0	0	0	0	0	0	0	0	0	0	0	0	0	0	0	0	0	0	0	0	0	0	0	0	0	0	0	0	0	0	0	0	0	0	0	0	0	0	0	0	0	0	0	0	0	0	0	0	0	0	0	0	0	0	0	0	0	0	0	0	0	0	0	0	0	0	0	0	0	0	0	0	0	0	0	0	0	0	0	0	0	0	0	0	0	0	0	0	0	0	0	0	0	0	0	0	0	0	0	0	0	0	0	0	0	0	0	0	0	0	0	0	0	0	0	0	0	0	0	0	0	0	0	0	0	0	0	0	0	0	0
Archaea	Candidatus_Woesearchaeota	0	0	0	0	0	0	0	0	0	0	0	0	0	0	0	0	0	0	0	0	0	0	0	0	0	0	0	0	0	0	0	0	0	0	0	0	0	0	0	0	0	0	0	0	0	0	0	0	0	0	0	0	0	0	0	0	0	0	0	0	0	0	0	0	0	0	0	0	0	0	0	0	0	0	0	0	0	0	0	0	0	0	0	0	0	0	0	0	0	0	0	0	0	0	0	0	0	0	0	0	0	0	0	0	0	0	0	0	0	0	0	0	0	0	0	0	0	0	0	0	0	0	0	0	0	0	0	0	0	0	0	0	0	0	0	0	0	0	0	0	0	0	0	0	0	0	0	0	0	0	0	0	0	0	0	0	0	0	0	0	0	0	0	0	0	0	1	0	0	0	0	0	0	0	0	0	0	0	0	0	0	0	0	0	0	0	0	0	0	0	0	0	0	0	0	0	0	0	0	0	0	0	0	0	0	0	0	0	0	0	0	0	0	0	0	0	0	0	0	0	0	0	0	0	0	0	0	0	0	0	0	0	0	0	0	0	0	0	0	0	0	0	0	0	0	0	0	0	0	0	0	0	0	0	0	0	0	0	0	0	1	0	0	0	0	0	0	0	0	0	0	0	0	0	0	0	0	0	0	0	0	0	0	0	0	0	0	0	0	0	0	0	0	0	0	0	0	0	0	0	0	0	0	0	0	0	0	0	0	0	0	0	0	0	0	0	0	0	0	0	0	0	0	0	0	0	0	0	0	0	0	0	0	0	0	0	0	0	0	0	0	0	0	0	0	0	0	0	0	0	0	0	0	0	0	0	0	0	0	0	0	0	0	0	0	0	0	0	0	0	0	0	0	0	0	0	0	0	0	0	0	0	0	0	0	0	0	0	0	0	0	0	0	0	0	0	0	0	0	0	0	0	0	0	0	0	0	0	0	0	0	0	0	0	0	0	0	0	0	0	0	0	0	0	0	0	0	0	0	0	0	0	0	0	0	0	0	0	0	0	0	0	0	0	0	0	0	0	0	0	0	0	0	0	0	0	0	0	0	0	0	0	0	0	0	0	0	0	0	0	0	0	0	0	0	0	0	0	0	0	0	0	0	0	0	1	0	0	0	0	0	0	0	0	0	0	0	0	0	0	0	0	0	0	0	0	0	0	0	0	0	0	0	0	0	0	0	0	0	0	0	0	0	0	0	0	0	0	0	0	0	0	0	0	0	0	0	0	0	0	0	0	0	0	0	0	0	0	0	0	0	0	0	0	0	0	0	0	0	0	0	0	0	0	0	2	0	0	0	0	0	0	0	0	0	0	0	0	0	0	0	0	0	0	0	0	0	0	0	0	0	0	0	0	0	0	0	0	0	0	0	94	0	0	0	0	0	0	0	0	0	0	0	0	1	0	0	0	0	0	0	0	2	0	0	0	0	0	0	0	0	0	0	0	0	0	0	0	0	0	0	0	0	0	0	0	0	0	0	0	0	0	0	0	0	0	0	0	0	0	0	0	0	0	0	0	0	0	0	0	0	0	0	0	0	0	0	0	0	0	0	0	0	0	2	0	0	0	0	0	0	0	0	0	0	0	0	0	0	0	0	0	0	0	0	0	0	0	0	0	0	0	0	0	0	0	0	1	0	0	0	0	0	0	0	0	0	0	0	0	0	0	0	0	0	0	0	0	0	0	0	0	0	0	0	0	0	0	0	0	0	0	0	0	0	0	0	0	0	0	0	0	0	0	0	0	0	0	0	0	0	0	0	0	0	0	0	0	0	0	0	0	0	0	0	0	0	0	0	0	0	0	0	0	0	0	0	0	0	0	0	0	0	0	0	0	0	0	0	0	0	0	0	0	0	0	0	0	0	0	0	0	0	0	0	0	0	0	0	0	0	0	0	0	0	0	0	0	0	0	0	0	0	0	0	0	0	0	0	0	0	0	0	0	0	0	0	0	0	0	0	0	0	0	0	0	0	0	0	0	0	0	0	0	0	0	0	0	0	0	0	0	0	0	0	0	0	0	0	0	0	0	0	0	0	0	0	0	0	0	0	0	0	0	0	0	0	0	0	0	0	0	0	0	0	0	0	0	0	0	0	0	0	0	0	0	0	0	0	0	0	0	0	0	0	0	0	0	0	0	0	0	0	0	0	0	0	0	0	0	0	0	0	0	0	0	0	0	0	0	0	0	0	0	0	0	0	0	0	0	0	0	0	0	0	0	0	0	0	0	0	0	0	0	0	0	0	0	0	0	0	0	0	0	0	0	0	0	0	0	0	0	0	0	0	0	0	0	0	0	0	0	0	0	0	0	0	0	0	0	0	0	0	0	0	0	0	0	0	0	0	0	0	0	0	0	0	0	0	0	0	0	0	0	0	0	0	0	0	0	0	0	1	0	0	0	0	0	0	0	0	0	0	0	0	0	0	0	0	0	0	0	0	0	0	0	0	0	0	0	0	0	0	0	0	0	0	0	0	0	0	0	0	0	0	0	0	0	0	0	0	0	0	0	0	0	0	0	0	0	0	0	0	0	0	0	0	0	0	0	0	0	0	0	0	0	0	0	0	0	0	0	0	0	0	0	0	0	0	0	0	0	0	0	0	0	0	0	0	0	0	0	0	0	0	0	0	0	0	0	0	0	0	0	0	0	0	0	0
Archaea	Crenarchaeota	1	2	1	0	0	2	3	0	0	0	0	0	0	1	0	0	0	2	0	2	0	0	1	0	0	0	2	0	0	1	0	0	2	1	1	4	1	0	0	1	0	7	0	0	0	0	0	4	0	0	0	0	0	0	0	0	2	0	1	0	0	2	0	1	0	0	0	0	0	0	3	0	0	0	0	0	0	0	0	0	0	0	0	0	0	0	0	2	3	0	1	0	1	0	0	0	0	0	0	0	2	1	1	0	1	0	1	0	2	0	0	0	0	0	0	0	0	0	0	2	0	0	0	0	0	0	1	0	0	0	0	0	5	1	0	2	3	1	0	0	0	0	0	0	0	0	1	0	1	0	0	0	0	1	0	0	0	0	1	0	1	0	0	1	0	0	0	0	0	0	1	0	1	1	0	0	0	0	0	0	0	0	0	0	0	0	0	0	0	0	0	1	1	0	0	0	0	0	0	2	0	0	0	0	1	1	0	1	1	1	0	0	0	0	0	0	0	0	0	1	0	0	0	0	0	0	1	0	0	0	0	1	1	1	1	0	1	0	0	4	0	0	0	0	0	0	1	0	0	0	1	0	0	0	0	5	3	0	0	0	1	1	0	0	0	0	3	0	1	0	0	0	0	0	0	2	0	0	0	2	0	2	0	0	0	1	2	1	0	0	2	0	1	0	0	0	0	0	0	0	0	0	2	0	1	0	0	0	0	0	0	0	0	0	0	0	0	0	1	0	0	1	0	0	0	1	0	0	0	0	0	0	0	2	0	0	9	1	0	7	1	0	0	0	0	2	0	0	0	0	0	0	0	0	0	0	1	1	2	1	1	0	0	0	1	0	0	0	0	1	0	0	0	2	0	0	0	0	0	0	0	0	0	0	0	0	0	0	0	2	0	0	0	0	0	0	0	0	0	1	1	0	0	0	0	1	3	0	3	0	0	0	0	0	1	0	0	0	0	10	0	0	0	0	1	0	0	0	0	0	0	0	0	0	0	9	0	0	0	1	0	0	0	0	0	0	0	0	0	0	3	3	0	0	0	0	0	0	0	0	0	10	1	1	0	0	0	1	0	0	0	0	1	0	0	2	0	1	0	0	0	0	0	0	0	1	0	1	0	0	1	1	1	1	0	0	0	0	0	0	2	1	0	0	0	0	0	0	0	0	0	0	0	0	25	0	2	0	0	0	0	0	0	0	0	0	0	0	0	0	0	0	0	0	0	0	0	0	0	0	0	0	0	9	0	0	0	0	1	4	2	0	1	0	6	0	0	2	4	0	0	0	0	0	0	1	0	0	0	3	0	0	0	0	0	1	1	1	0	0	1	1	0	0	0	2	0	0	0	0	0	0	0	0	0	0	6	0	1	0	0	6	0	0	0	0	0	0	0	0	0	0	0	0	23	2	0	0	2	0	2	0	0	1	0	0	0	1	1	0	0	0	1	0	0	1	0	0	0	0	0	1	0	0	0	1	1	0	0	0	0	2	0	1833	0	1	0	0	0	0	0	0	4	0	0	0	1	0	0	1	1	0	0	0	2	0	0	0	2	0	0	0	0	0	4	0	0	1	0	2	0	0	0	0	0	0	0	11	0	0	227	0	0	0	0	1	5	0	1	0	2	0	0	0	1	0	0	0	1	0	1	0	1	4	0	1	0	0	1	0	0	1	0	1	4	0	0	11	8	1	0	11	0	0	0	0	0	1	0	2	0	3	0	3	0	16	0	0	0	0	0	0	0	0	0	0	0	0	0	0	0	0	0	0	0	0	0	0	3	0	1	0	0	1	0	0	23	0	0	0	0	0	0	0	0	0	0	0	0	0	0	0	0	0	0	0	0	0	0	0	0	1	0	0	0	0	0	0	1	0	0	0	0	0	0	0	0	2	0	0	0	0	0	0	0	0	0	0	0	0	0	0	0	0	0	0	0	0	0	0	0	1	0	0	0	0	0	0	0	0	3	0	0	0	0	0	0	0	0	0	0	0	0	0	0	0	0	0	0	0	0	0	0	0	1	0	0	0	0	1	0	1	0	0	1	0	0	0	0	0	0	0	0	0	0	0	0	0	0	0	0	0	0	0	0	0	0	0	0	0	0	0	0	0	0	2	0	3	0	0	0	0	0	0	0	0	0	0	0	0	0	0	0	0	0	0	0	0	0	5	0	0	0	0	0	0	0	0	0	0	0	0	0	0	0	0	0	0	0	0	0	0	0	0	0	0	0	0	0	0	0	0	0	0	0	0	0	0	0	0	0	0	0	0	0	0	0	0	0	0	0	0	0	0	0	0	0	0	0	0	0	0	0	0	0	0	0	0	0	0	0	0	0	0	0	0	0	0	0	0	1	0	0	0	0	0	1	0	0	0	0	0	3	9	0	0	0	0	0	0	0	0	0	0	0	0	1	0	0	0	0	0	0	0	0	0	0	0	0	0	1	0	0	0	0	0	0	0	0	0	0	0	0	0	0	0	0	0	0	0	0	0	0	0	0	0	0	0	0	0	0	0	0	4	0	0	0	0	0	0	1	0	0	0	0	0	0	0	0	0	0	0	0	0	1	0	0	0	0	0	0	0	1	0	0	0	0	0	0	0	2	0	0	0	5	0	0	0	0	0	0	0	0	0	0	0	0	0	0	0	0	0	0	0	0	0	0	0	0
Archaea	Euryarchaeota	8	5689	4893	140	5	503	120	1	10	23	7466	65	1729	133	1739	6	35	8	67	161	8	75	1562	6	400	177	25	512	30	7	19	64	37	2	8	1672	39	45	5860	1500	826	182	988	183	1024	99	42515	16	26	2686	10	728	201	95	32	50	30	39141	857	2553	159	10	68342	14	58	907	334	277	44	292	8659	783	226	0	16	25	2215	29	719	3	670	5107	11	1	33130	24	134	3356	2587	2	1130	13	1954	2953	6	2485	71	45	9790	2	7613	302	137	209	7	5675	204	18	5346	11	20	4	36	312	9259	3382	97	612	5842	913	15	104	4	29	5	2928	3109	12	115	8491	32180	407	5	4398	3223	19	271	4799	8	16	52	56	14	5	3101	294	22	224	4	14	20449	191	225	4793	240	4	1288	4	36	508	5	116	4307	3649	33	15	62	32	20	21	8	3897	41	120	290	32	104	19884	5	406	5	19	43	4899	1701	12	8	48	14	1858	16	8	1549	42	85	44	43	388	1537	4	6909	51	6859	113	9636	295	346	14579	1035	108	990	3426	4595	14559	25	122	0	6	150	3088	15	574	6141	317	12	8	15	27733	219	16854	1	494	37889	25	543	97	12	17	6520	24	33	2422	79328	12	4	14	2	28	1305	308	45	50	17	205	2532	282	223	3479	19358	4464	221	9	3499	4046	52	2994	22122	3337	5	9	17	4	27	2	72	2085	9026	17	35	2585	362	10420	4169	107	11	125	551	18798	21311	2429	8839	22326	3695	1474	903	14	16535	176	1658	75	12806	27	19	95	23	11	7	4	336	31227	8561	80	169	2832	677	159	79	56	10567	415	201	71	19	23159	485	26	376	5804	1	24	7087	9010	34	2	7151	388	288	317	31	205860	23	1	71	244	242	1162	946	32283	43542	3044	10	1068	134	4	35258	1767	33904	10	15	461	975	85849	1408	0	2790	43	910	4	1187	28	1002	43	12	8368	593	73	484	6708	59	65769	15687	2892	60	241	8	6805	1791	25	9	12	239	280	613	3646	127	3	8	9991	820	2	19	13	82	253	677	115	270	14821	3	193	9	44	49	45543	64	85	46	8	30	9	419	78	33	4540	9370	8	111	34288	87	295	1224	21240	36	19	84	431	17	1770	87	1187	4	20	11	6	1254	90	24	71	131	152	2020	78	32	427	19095	775	3807	7318	33	6248	112	131	16	24206	20	38	30	1868	15200	653	33	102	5097	6	172	29	38	6602	9	2	6941	30	534	12	6	88	48	101	714	28	9	62	82937	13	0	131	4	55	188	1	98	405	55	4	63215	326	61	87	57	165	244	53572	3373	5407	34382	16298	999	7	101	256914	87	4990	8084	904	8715	24362	646	3201	35109	907	1445	21130	17601	6817	73	4	6	2136	85	2705	43366	1824	870	8737	9055	127	2661	242	1352	189	146	15	11769	193	11476	53562	2637	51	15365	23172	1061	6570	138	2767	373	11388	876	9500	87	5368	3806	1422	12173	46	1089	209	6370	3224	3217	3818	48358	11618	1	55	4462	5256	31399	773	4716	4105	7383	27451	854	19477	36	40	7042	6494	345	16153	1099	1975	12193	43526	6930	486	14992	52	2534	3885	1679	59	31	2341	13798	36776	295	200	4282	501	2376	15	6853	2152	2520	281	12	20837	278	166	412	28603	398	350	24197	90	5155	13833	58847	1298	3000	1498	11	97419	13208	13061	7095	4016	4143	1595	204	9195	6205	1633	4335	2006	242	21402	556	42048	2892	25051	7267	9157	173491	37353	509	16753	2797	699	1737	14660	5600	97	13581	6421	49	831	2706	2473	6005	3139	1672	574	4276	1316	1416	901	3483	2117	50	1335	480	5476	3437	1299	602	13042	7473	1221	77513	2807	1992	26640	1488	12916	2041	2917	7046	11499	4824	3499	37	27585	11766	860	26259	968	842	745	912	74	73432	4254	2911	39644	3895	6016	32769	4410	290	2483	7346	1269	1063	11	4291	15355	3407	18296	5293	8962	98	605	14	2617	352	30271	2884	4957	32654	15284	11638	11144	9617	9805	9858	32304	518	79	311	9576	10206	411	6712	13149	782	239	1656	8530	47	9	3081	915	53	477	122	1586	7301	1039	3374	14827	628	489	11982	226	35533	1078	2010	5641	14131	11434	234	9	919	2441	10044	5582	1511	10391	2	735	19456	160	46	129	1021	20110	529	1417	1	19040	511	18	15	11	10373	166	17705	1870	64	6	2024	15242	3969	22	98	6	13	13916	9222	23	1250	380	606	172	22628	5641	5	16606	71	276	66	20285	39380	127	27	16	6	6	183	9788	5	9559	33	40	3731	21	339	19474	16	338	15	834	21	35	24	17324	74	3628	15154	82	5786	68	10295	6094	689	727	68	201947	119	295	16814	434	9	262	352	99	130	4428	37619	73	34741	12	2	14134	42	28	16500	14390	107	391	33	21	15429	1934	182	3	3990	36	245	7	443	13128	16	839	303	3812	8309	120585	869	9105	553	25	95	94	35014	1857	17	45	28	172	213	5010	16	70	5186	107	5247	23	287	25	13154	237	29	3183	94	4	0	643	2284	195	18	2	3555	28624	10523	1935	98	38989	28	22	282	267	140	277	85	2	9864	18	43819	1426	40	2	125	4499	2662	2322	173	31	4860	8023	166	177	2533	655	43777	38	9674	64335	17094	117	22749	189	39	73	108	107	1187	60	2	27156	2697	5902	1888	18065	47	55	15	2821	41	24366	1439	7153	0	589	3920	50	189	42	3	12	54	40	110	10800	47	995	143	27	297	4525	1522	729	22	152	91	51	279	6297	23273	13495	31	26	327	3	71	5	6142	363	186	2450	305	19430	147	127	892	484	62	204	286	5	1228	3349	0	24	452	1624	25820	79791	96	1901	66	8	38	6500	88	20617	13755	726	709	61	97	13096	18876	24	63	148	13	212	19174	272	287	70	352	39	17939	6648	678	15990	7	17093	45098	15	300381	15	57	9197	17610	149347	4	2515	87	51	55127	10231	205	10123	455	1	22040	143	511	125	585	45	8520	3924	243	44	82	3547	12	349	4	92	118	11382	185	8403	155	1620	149	30580	39	3	17	865	535	16	282	8	57	5523	7731	568	543	1935	2269	785	413	153576	918	41848	26	33486	17163	66	111
Archaea	Nanoarchaeota	0	0	0	0	0	0	0	0	0	0	0	0	0	0	0	0	0	0	0	0	0	0	0	0	0	0	0	0	0	0	0	0	0	0	0	0	0	0	0	0	0	0	0	0	0	0	0	0	0	0	0	0	0	0	0	0	0	0	0	0	0	0	0	0	0	0	0	0	0	0	0	0	0	0	0	0	0	0	0	0	0	0	0	0	0	0	0	0	0	0	1	0	0	0	0	0	0	0	0	0	0	0	0	0	0	0	0	0	0	0	0	0	0	0	0	0	0	0	0	0	0	0	0	0	0	0	0	0	0	0	0	0	0	0	0	0	0	0	0	0	0	0	0	0	0	0	0	0	0	0	0	0	0	0	0	0	0	0	0	0	0	0	0	0	0	0	0	0	0	0	0	0	0	0	0	0	0	0	0	0	0	0	0	0	0	0	0	0	0	0	0	0	0	0	0	0	0	0	0	0	0	0	0	0	0	0	0	0	0	0	0	0	0	0	0	0	0	0	0	0	0	0	0	0	0	0	0	0	0	0	0	0	0	0	0	0	0	0	0	0	0	0	0	0	0	0	0	0	0	0	0	0	0	0	0	0	0	0	0	0	0	0	0	0	0	0	0	0	0	0	0	0	0	0	0	0	0	0	0	0	0	0	0	0	0	0	0	0	0	0	0	0	0	0	0	0	0	0	0	0	0	0	0	0	0	0	0	0	0	0	0	0	0	0	0	0	0	0	0	0	0	0	0	0	0	0	0	0	0	0	0	0	0	0	0	0	0	0	0	0	0	0	0	0	0	0	0	0	0	0	0	0	0	0	0	0	0	0	0	0	0	0	0	0	0	0	0	0	0	0	0	0	0	0	0	0	0	0	0	0	0	0	0	1	0	0	0	0	0	0	0	0	0	0	0	0	0	0	0	0	0	0	0	0	0	0	0	0	0	0	0	0	0	0	0	0	0	0	0	0	0	0	0	0	0	0	0	0	0	0	0	0	0	0	0	0	0	0	0	0	0	0	0	0	0	0	0	0	0	0	0	0	0	0	0	0	0	0	0	0	0	0	0	0	0	0	0	0	0	0	0	0	0	0	0	0	0	0	0	0	0	0	0	0	0	0	0	0	0	0	0	0	0	0	0	0	0	0	0	0	0	0	0	0	0	0	0	0	0	0	0	0	0	0	0	0	0	0	0	0	0	0	0	0	0	0	0	0	0	0	0	0	0	0	0	0	0	0	0	0	2	0	0	0	0	0	0	0	0	0	0	0	0	0	0	0	0	0	0	0	0	0	0	0	0	0	0	0	0	0	0	0	0	0	0	0	0	0	0	0	0	0	0	0	0	0	0	0	0	0	0	0	0	0	0	0	0	0	0	0	0	0	0	0	0	0	0	0	0	0	0	0	0	0	6	0	0	0	0	0	0	0	0	0	0	0	0	0	0	0	0	0	0	0	0	0	0	0	0	0	0	0	0	0	0	0	0	0	0	0	0	0	0	0	0	0	0	0	0	0	0	0	0	0	0	0	0	0	0	0	0	0	0	0	0	0	0	0	0	0	0	0	0	0	2	0	0	0	0	0	0	0	0	0	0	0	0	0	0	0	315	0	0	0	0	0	1	0	0	0	0	0	0	0	0	0	0	0	0	0	0	0	0	0	0	0	0	0	0	0	0	0	0	0	0	0	0	0	0	0	0	0	0	0	0	0	0	0	0	0	0	0	0	0	0	0	0	0	0	0	0	0	0	0	0	0	0	0	0	0	0	0	0	0	0	0	0	0	0	0	0	0	0	0	0	0	0	0	0	0	0	0	0	0	0	0	0	0	0	0	0	0	0	0	0	0	0	0	0	0	0	0	0	0	0	0	0	0	0	0	0	0	0	0	0	0	0	0	0	0	0	0	0	0	0	0	0	0	0	0	0	0	0	0	0	0	0	0	0	0	0	0	0	0	0	0	0	0	0	0	0	0	0	0	0	0	0	0	0	0	0	0	0	0	0	0	0	0	0	0	0	0	0	0	0	0	0	0	0	0	0	0	0	0	0	0	0	0	0	0	0	0	0	0	1	0	0	0	0	0	0	0	0	0	0	0	0	0	0	0	0	0	0	0	0	0	0	0	0	0	0	0	0	0	0	0	0	0	0	0	0	0	0	0	0	0	0	0	0	0	0	0	0	0	0	0	0	0	0	0	0	0	0	0	0	0	0	0	0	0	0	0	0	0	0	0	0	0	0	0	0	0	0	0	0	0	0	0	0	0	0	0	0	0	0	0	0	0	0	0	0	0	0	0	0	0	0	0	0	0	0	0	0	0	0	0	0	0	0	0	0	0	0	0	0	0	0	0	0	0	0	0	0	0	0	0	0	0	0	0	0	0	0	0	0	0	0	0	0	0	0	0	0	0	0	0	0	0	0	0	0	0	0	0	0	0	0	0	0	0	0	0	0	0	0	0	0	0	0	0	0	0	0	0	0	0	0	0	0	0	0	0	0	0	0	0	0	0	0	0	0	0	0	0	0	0	0	0	0	0	0	0	0	0	0	0	0	0	0	0	0	0	0	0	0	0	0	0	0	0	0	0	0	0	0	0	0	0	0	0	0	0	0	0	0	0	0	0	0	0	0	0	0	0	1	0	0	0	0	0	0	0	0	0	0	0	0	0	0
Archaea	Thaumarchaeota	1	272	0	0	0	206	0	0	0	0	11	7	191	3	8	0	3	1	0	7	8	0	0	0	3	40	5	49	1	3	2	2	45	0	0	3	2	0	4427	0	89	3	8	43	8	0	8	5	1	681	5	2	8	18	4	0	0	2054	7	1	1	2	16	3	1	14	18	7	0	27	13	0	114	4	1	0	0	2	26	0	5	15	1	1	19	0	1	91	9	0	524	1	21	3	0	1	2	0	209	0	2	5	0	46	1	1	4	0	3231	2	0	2	17	0	134	7	44	0	1	25	0	5	3	1	5	2231	1	1	0	648	51	3	1	8	12	2	2	4	0	7	1	0	3	0	4	0	6	9	3	1	1	2	2	674	0	0	903	0	1	302	0	0	0	296	1	31	29	13	0	0	3	8	0	17	118	0	12	495	0	158	1	4	0	0	8	1	0	1	0	2	0	3	25	6	7	0	1	58	1	3	10	5	14	21	1598	119	237	2267	619	5	3	0	223	19	2	24	1	0	2	1	1	57	5	0	0	0	0	1502	3	1526	0	0	11321	14	7	0	2	0	1	1	0	4	3	0	0	0	0	1	2	20	5	26	1	79	1	18	58	0	548	5	33	0	3	1	3	2	421	37	2	1	0	0	0	0	4	1630	0	1	0	8	1	205	60	9	1	1	71	3801	3	7	1385	2181	2	7	0	0	2707	2	0	2	332	1	1	10	1	5	0	0	32	4	2185	17	0	3	22	23	1	2	13	50	13	0	0	962	9	1	196	270	2	0	1	0	0	1	39	190	1	1	0	24	2	0	1	0	2	12	2	36	862	156	0	8	19	1	8	3	2	0	0	32	2	3	2	0	4	0	4	0	23	0	3	3	0	56	10	5	33	2	0	1	252	0	10	10	1	264	3	3	0	9	0	39	131	63	0	0	3	1381	484	0	8	1	0	1	0	5	139	1898	0	5	0	0	3	11	0	0	11	7	16	1	0	2	0	1	1	2	1	6	0	0	5	110	0	0	4	250	21	7	1	189	7	2	0	0	1	13	0	0	58	3	53	19	1	108	1720	35	19	2	0	2	0	64	0	2114	1	0	1	144	37	1	1	0	6	0	0	1	0	183	0	0	8	0	125	0	10	12	12	3	6	0	4	1	7781	1	0	2	0	4	44	0	5	0	2	0	152	3	0	0	0	2	414	702	994	1	42170	116730	1616	0	0	37	80	450	258	2	97	325	1	9483	395	1687	1381	219	94	292	1	2	0	11209	4	2	10	0	0	6427	701	50	255	0	1216	0	0	0	236	506	2604	21	2	0	1164	1244	1	2	1	13443	24	21	0	792	0	2	212	222	1	0	178	180	1301	0	10539	766	43	1	3	0	401	375	3	0	482	1596	44659	1194	96	70885	0	7	4901	1860	131	76792	0	8921	2	5	437	173	643	0	299	225	110	14	0	1	4866	43	1	592	646	68	12230	3	11	4	3	81	0	40	287	13	70	118	1	35	3010	3	593	10592	883	881	7	1325	1	9089	23	251	2782	35	1112	644	22738	619	1182	778	386	12	526	1150	0	191	4	880	8385	18716	51	483	2760	6068	18981	0	9455	17216	257	1	24	13	4	687	656	2	17	6106	31	3	276	5	47	88	3	4037	2	343	0	2877	21	732	36	14511	2848	2490	4494	1443	43	6	423	51276	851	2	1362	5863	419	0	1	8131	24	0	16559	775	4	0	50	7	8	37	367	54	732	11	963	3	0	1010	5987	6391	2594	0	923	15871	1228	3	58	6467	59	889	2	2	1	17	30	9	615	998	24291	71	5835	16912	30	0	59	4	1	361	480	46	15296	26	0	22	22	1898	17	1924	2026	1	3	1	21	282	21	0	1	1716	0	1770	1389	0	41550	4993	0	28483	6714	210	0	0	411	68	17	530	0	1013	0	9	101	18	1	23	96	1347	2	210	0	999	73	2	0	0	1094	12	6	481	6	3	10	11	29	0	1	4	1	11	23	3	9	6	139	0	3	1	0	180	11	1	1	456	105	0	0	1	0	0	0	28	1	162	0	0	220	0	35	7	0	5	2	2	1	0	0	71	4	154	5	4	0	1	505	15	13	6	0	1836	0	4	43	78	0	30	0	2	2	5	0	0	3231	0	0	1186	0	0	1	1	7	3	0	2	133	2	22	3	18	0	12	0	1	637	1	0	86	69	29	807	112	0	3	0	0	15	699	548	0	1	1	1	40	1861	5	0	7	0	6	8	4	4	735	1	2	167	12	0	0	0	5	0	0	0	4	1	142	67	1	395	1	0	3	83	0	0	17	0	12	0	2931	133	1	0	20	3	1	432	6	1	0	33	0	2	314	4	5	1	11	5370	0	3	4218	1	1	0	9	6	1	17	0	176	159	25	1279	9	1	1	0	780	4	10	13	1	0	3	196	24	11	0	3	3	0	1	13	27	1	1	0	0	31	1	66	226	8	0	41	3	4	22	1619	41	5	0	15	0	0	0	27	0	1	2582	3	4	11	0	11	1	0	0	56	1	32	3	0	1	0	0	7762	9142	3	232	18	0	0	0	6	284	1162	13	0	1	1	3	4	0	3	0	0	2	3385	0	0	6	4	1	6	499	863	105	0	41	2	0	4826	0	3	60	34	4	0	41	1	5	41	945	362	1187	4	0	1583	29	26	2	31	1	5707	1272	49	4	0	2	0	130	0	0	0	3	4	66	0	403	5	227	1	0	0	1	215	1	0	0	1	26	985	7	0	107	258	63	151	7	282	7	1	312	2	0	1
Archaea	Unassigned	1	2	2	1	1	104	2	0	0	0	0	0	36	2	1	0	1	0	0	4	1	0	0	0	1	1	0	0	0	0	0	3	0	0	4	2	29	0	1	0	1	22	0	0	0	0	7	6	2	34	0	0	0	5	4	0	1	19	4	1	0	2	28	0	0	2	71	0	3	10	9	1	1	1	1	1	0	1	0	0	2	6	8	0	23	0	2	8	1	1	196	1	1	0	0	3	0	0	1	0	0	2	0	0	1	6	0	0	1094	2	0	0	0	2	2	0	0	0	4	11	0	0	0	0	1	0	0	0	0	4	4	0	1	28	0	0	2	2	0	0	0	0	1	0	1	1	0	0	0	1	4	1	1	2	0	0	277	0	0	5	0	0	1	61	0	10	12	0	0	0	0	25	1	6	64	1	0	3	0	3	0	0	0	3	0	0	0	2	0	1	0	2	0	0	0	0	0	3	0	1	14	8	13	0	6	45	86	711	87	0	0	0	1	4	4	3	0	0	0	0	1	1	3	1	0	0	0	7	0	3	0	10	557	4	0	1	10	0	1	5	1	0	0	0	0	3	0	1	0	8	4	4	0	36	0	4	4	0	0	0	29	1	0	1	0	1	8	2	1	1	0	0	1	0	2	402	0	0	4	4	1	2	0	0	0	2	39	7	2	3	1	3	0	2	2	0	4	0	1	1	2	4	1	0	6	0	0	1	6	2	142	0	0	0	19	0	0	0	7	1	0	2	0	3	2	2	1	2	0	0	1	0	0	2	2	1	26	0	1	28	0	0	0	0	1	4	2	0	3	0	0	1	0	1	0	0	5	0	0	2	0	1	0	0	4	1	2	0	0	2	1	0	1	3	0	2	3	2	0	0	1	0	0	109	1	4	0	0	2	0	0	0	36	1	0	0	1	1	46	0	1	0	0	0	0	0	18	4	2	0	0	0	0	10	1	0	0	0	3	0	0	1	0	0	0	4	1	7	0	4	0	5	0	0	1	46	0	0	0	5	3	0	4	0	4	0	0	0	0	6	2	1	0	1	10	1	0	14	0	3	0	10	4	548	1	0	0	0	1	1	0	0	3	0	1	0	0	11	0	0	0	0	2	0	0	3	0	0	3	0	0	5	12	0	0	0	0	0	1	0	2	0	0	0	11	0	0	0	0	0	766	5	4	1	7055	2	2865	0	0	11	73	1	2	28	2	4	0	12	3	218	31	2	6	2	0	0	1	23	1	0	21	0	0	1476	3	167	38	1	277	0	0	0	19	6	764	18	4	5	67	2454	1	2	0	11	1	104	0	2	0	4	17	13	1	1	0	1	91	0	115	52	26	3	0	0	1	2	1	0	0	1	47	3	3	78	1	2	1222	35	2	111	1	4970	1	2	4	2	4	0	1	0	4	0	0	13	4783	39	0	7	220	6	27	0	56	0	0	30	6	3	8	1	4	9	1	2	396	4	31	162	4	30	2	45	1	1	7	74	100	0	18	17	4	28	48	32	15	0	911	1	0	12	4	5	1500	34	3	10	5	109	47	2	6	1	0	0	66	2	4	22	224	3	1	2	4	0	279	1	7	4	1	7261	0	140	0	3	0	16	0	2637	124	1	32225	25	4	2	2	49	1478	3	1	171	179	0	3	17	1	0	58	48	0	5	3	3	15	6	0	26	31	5	3	1	1	14	2	13	4590	0	10	2408	10	3	1	1684	3	84	0	0	0	9	2	30	7	57	59	1	19	2183	1	0	3	0	0	2	5	3	3	0	2	0	0	4	17	1	95	0	0	0	0	2	3	1	0	1	0	22	2	3	5728	6	14	75	67	8	0	3	1	0	0	1	1	1	0	1	0	122	1	0	1	11	0	13	0	0	0	0	0	0	3	0	18	5	6	0	0	0	3	0	0	0	0	3	11	0	0	0	17	0	4	1	0	5	0	2	0	14	4	0	0	0	0	0	0	1	3	6	0	0	12	0	2	10	2	0	0	2	1	0	0	0	0	0	1	0	0	0	5	1	4	0	0	1	4	0	9	0	0	46	0	0	0	2	9	2	3	0	0	0	0	1	10	7	1	0	0	0	0	4	3	3	1	0	0	0	0	0	0	7	0	1	11	28	2	0	0	0	2	0	64	488	0	1	0	5	78	20	0	0	4	11	0	0	0	0	12	0	1	2	17	0	0	1	0	0	0	2	0	2	0	0	687	1	0	1	60	0	4	0	2	0	3	0	4	10	0	0	0	1	0	0	1	0	3	15	0	0	0	0	0	0	9	1	0	1	15	0	1	0	0	0	0	44	0	2	1	3	22	23	0	0	0	2	4	1	1	0	0	0	401	0	0	0	0	0	0	1	0	4	0	1	0	0	2	0	0	4	0	0	1	0	2	0	0	29	1	2	1	0	1	0	0	1	2	2	0	0	0	0	2	0	0	0	0	1	3	0	0	0	1	0	8	5	0	3	0	0	0	0	0	17	5	1	0	0	0	0	2	0	0	0	1	0	3	10	0	0	0	1	0	10	4	0	0	16	4	3	1301	1	0	5	0	0	0	0	0	2	33	0	0	0	0	0	5	5	0	0	1	1	8	1	0	29	0	0	1	16	0	1	0	16	0	1	0	45	0	9	4	0	0	8	3	1	0	1	0	1	18	0	0	1	8	12	2	2	9	4	0	1	6	0	0
Bacteria	Acidobacteria	0	802	25	0	1	35	2	0	0	0	0	4	112	0	0	0	0	0	0	24	0	1	0	0	9	31	0	6	0	2	1	0	5	0	1	5	1	2	95	3	0	5	0	8	1	0	47	0	0	42	0	3	7	10	0	1	0	20	3	0	0	0	0	17	1	24	264	0	0	2	12	1	12	1	1	0	7	0	0	0	0	36	1	1	42	0	0	11	28	0	83	0	6	0	0	1	0	21	11	0	2	4	11	1	1	10	14	0	336	3	0	2	0	2	2	0	30	0	15	1	0	17	0	2	0	40	3	0	0	10	17	3	0	1	2	0	0	1	0	0	0	16	0	0	22	0	6	2	0	0	25	2	17	18	1	0	75	0	1	55	0	3	0	24	0	0	270	4	0	0	0	0	1	66	19	1	24	18	0	21	0	0	3	15	6	1	0	2	0	0	1	0	44	0	124	1	0	249	4	0	61	79	62	13	113	15	19	198	82	24	0	35	6	5	22	68	0	0	2	7	9	25	1	0	0	0	0	99	0	169	0	7	547	2	2	1	0	0	1	0	1	0	2	3	0	1	0	1	0	2	41	0	15	14	2	3	4	0	18	0	203	4	0	6	0	2	33	4	0	0	4	2	0	0	1	127	1	1	0	19	4	11	14	1	2	0	214	204	3	1	63	120	0	584	1	0	183	0	5	4	19	17	0	2	1	0	1	0	207	3	160	5	0	19	2	4	0	1	837	1	32	0	2	7	64	0	15	18	0	5	4	0	0	0	44	12	4	0	0	11	0	0	7	1	0	6	3	2	40	14	1	0	3	0	9	0	0	0	0	20	2	7	1	0	4	0	19	0	21	3	2	0	1	7	123	30	9	1	0	2	9	17	2	251	4	24	1	0	0	2	4	0	9	2	12	0	0	163	94	0	0	2	0	8	1	1	20	144	1	15	0	0	1	0	19	0	6	0	0	0	11	70	0	0	6	0	0	0	10	37	1	81	34	0	0	33	3	31	9	19	0	0	0	2	29	6	4	0	11	0	7	10	0	18	425	2	1	7	4	3	0	9	0	178	0	1	0	17	11	1	0	0	0	0	32	0	1	118	0	0	3	5	15	0	0	48	16	6	31	0	0	0	101	0	0	0	0	0	3	0	2	0	1	0	23	0	0	0	0	0	18	64	475	3	823	1428	113	0	0	1	351	69	1	1	88	99	2	1470	60	72	197	37	307	47	2	0	5	198	1	1	45	8	0	472	38	47	7	1	61	0	0	0	130	87	287	161	8	0	473	10	0	0	0	562	0	389	0	25	0	215	136	199	48	4	155	173	402	19	955	263	179	0	1	0	8	43	7	0	11	145	2458	353	4	4830	0	0	313	323	12	4681	2	41	18	0	99	4	214	1	6	24	20	2	0	3	1384	268	0	114	61	74	212	0	222	0	3	335	1	21	251	1	11	1	12	45	127	7	14	4470	211	49	5	199	0	238	220	356	623	9	92	126	16	103	71	302	61	0	18	81	0	95	8	27	176	1137	0	44	252	116	4529	24	735	3394	30	0	220	6	0	46	57	2	13	913	6	3	405	33	157	20	3	223	2	49	1	164	5	404	0	344	258	3298	1772	1218	2	24	83	1867	418	8	138	158	23	0	0	343	24	2	213	48	2	1	18	0	0	8	9	176	41	10	774	12	0	90	192	404	90	0	67	497	254	23	58	380	14	33	0	0	4	27	26	90	1192	517	1373	15	1219	985	75	6	175	2	0	15	394	16	3125	38	6	0	15	2075	3	8	253	1	2	1	0	248	1	0	16	37	1	161	72	0	1147	212	27	994	402	35	0	1	38	62	9	47	1	72	0	12	4	2	1	0	11	40	2	4	0	5	0	0	0	0	8	2	30	108	18	1	1	2	3	1	0	0	0	1	19	0	13	7	346	2	6	1	0	9	0	11	0	17	0	2	0	0	2	1	3	1	2	8	0	4	29	3	25	76	0	0	0	0	0	5	0	18	0	1	1	1	13	0	3	1	1	0	0	6	0	0	2	15	0	23	1	3	1	1	7	0	9	217	0	5	0	0	0	38	1	0	174	0	3	0	1	0	1	0	0	1	1	5	1	0	2	10	13	20	12	0	0	1	0	0	53	151	0	3	2	0	0	371	0	0	18	1	9	0	4	1	442	0	0	19	0	0	0	1	1	5	0	3	1	5	415	0	0	8	5	0	2	5	1	9	0	1	1	0	6	23	0	0	3	0	0	40	0	0	1	22	0	0	123	6	20	2	4	44	2	8	473	5	0	0	124	2	0	8	0	5	13	2	83	19	0	2	0	2253	0	3	1	221	0	2	3	0	3	0	0	0	1	1	4	16	0	10	30	1	113	4	1	13	2	0	19	2	1	5	87	93	28	2	8	0	0	0	3	1	0	224	5	7	21	5	4	0	0	0	257	0	19	11	0	0	0	2	291	340	0	88	0	0	0	0	1	7	5	0	0	0	0	13	2	0	2	0	0	8	189	0	0	0	2	1243	3	7	20	3	4	1	0	0	57	0	0	4	6	2	0	9	2	0	11	114	0	102	7	0	18	13	0	8	2	0	88	2424	2	0	4	0	1	0	0	789	0	2	2	1	0	870	0	10	15	0	83	0	14	0	0	0	0	13	0	5	1	2	30	1	27	0	39	0	1	12	1	0	2
Bacteria	Actinobacteria	0	92	10	0	0	4	5	0	0	0	2	0	12	8	1	0	0	3	0	2	0	1	1	1	0	2	0	9	0	24	0	0	12	2	0	8	1	7	5	3	0	2	1	0	3	0	7	0	1	9	19	2	0	3	4	1	5	1	24	2	5	2	0	0	3	21	8	5	2	2	4	0	30	0	0	3	4	1	3	0	2	9	2	0	9	50	6	7	17	10	11	0	3	1	1	4	4	5	2	0	10	18	2	3	0	2	3	1	33	2	0	1	0	0	2	3	4	1	18	1	0	6	0	0	0	3	4	0	8	0	9	1	1	2	0	2	0	1	0	0	0	0	0	0	5	0	7	0	1	0	6	6	7	6	1	0	10	0	0	7	1	0	3	6	11	0	6	0	0	0	2	4	0	221	4	1	4	1	0	6	0	3	0	12	3	0	1	4	7	2	0	1	26	1	8	0	0	39	8	0	10	3	8	1	8	3	4	37	23	1	0	11	1	1	3	5	0	0	1	1	0	25	10	3	1	0	0	11	11	58	0	43	116	1	0	0	1	0	0	0	1	2	8	0	0	1	5	0	2	2	1	29	13	5	9	2	0	2	6	2	7	0	8	2	0	12	82	10	1	0	4	0	1	0	2	9	6	0	0	13	10	0	47	0	0	6	20	13	9	1	5	5	12	118	1	0	2	0	5	0	0	31	14	0	0	1	0	0	20	13	13	0	1	5	4	0	0	0	27	0	3	0	0	1	93	5	1	4	1	2	0	3	0	0	33	32	1	1	1	14	5	0	2	1	7	21	8	1	9	4	15	0	0	1	11	1	5	0	0	5	5	8	0	0	4	3	10	0	9	1	10	3	0	12	2	8	4	1	0	14	7	4	1	11	1	10	1	0	0	0	8	4	4	0	1	0	0	5	13	11	0	0	0	2	7	50	4	6	0	1	3	24	1	5	12	1	4	0	0	6	5	3	0	1	6	71	7	0	0	10	2	34	13	1	0	8	0	369	7	36	0	3	0	0	10	0	0	0	9	3	6	8	2	1	10	3	3	2	1	7	1	2	0	29	0	1	0	14	8	2	0	0	9	0	1	0	0	13	0	0	0	1	11	0	0	2	2	1	2	0	0	0	3	0	0	1	1	0	4	0	1	0	2	1	298	2	0	6	0	0	0	6	38	309	90	14	1	0	4	0	1	3	2	2	6	4	0	135	10	11	28	7	4	2	0	0	0	64	0	5	5	1	1	91	56	0	2	0	26	0	0	0	10	1	33	10	5	12	15	25	0	0	0	27	3	12	2	15	0	5	9	1	2	1	7	9	16	6	297	9	12	0	0	0	2	18	2	125	1	14	110	8	0	269	0	0	46	17	1	87	2	24	13	3	27	2	386	4	2	2	9	5	0	3	355	10	0	2	64	12	51	0	5	3	0	6	0	6	4	0	6	16	2	6	49	1	3	178	2	46	2	14	0	8	0	45	19	11	12	3	2	12	18	20388	7	2	1	8	0	4	3	1	19	28	1	6	22	35	61	2	50	12	35	1	32	0	1	48	12	4	2	16	14	1	24	9	23	2	9	10	0	4	1	12	1	38	0	31	33	94	695	572	17	3	3	106	117	9	16153	47	18	0	6	12	0	0	37	49	2	0	4	1	0	10	0	27	6	4	20	10	0	10	26	11	5	1	10	79	31	15	5	50	1	3	0	3	1	9	13	7	83	8	65	6	26	138	24	1	1	0	1	2	104	5	105	4	2	0	2	138	0	0	40	0	0	1	1	11	3	0	1	4	1	42	6	0	172	13	6	135	19	2	2	0	0	1	0	10	1	2	2	27	2	19	2	0	2	7	2	16	3	4	1	0	1	4	1	0	1	53	4	2	19	1	7	0	155	5	0	0	16	3	83	30	17	0	34	4	5	2	0	13	0	3	7	0	1	2	1	0	3	45	3	3	1	0	26	39	2	3	0	60	0	0	0	1	1	1	1	1	1	37	3	0	4	0	11	3	0	15	1	2	8	1	2	12	0	1	7	5	5	0	0	0	0	0	7	1	0	5	1	1	0	0	0	7	1	6	1	1	0	0	1	0	3	175	2	3	18	451	1	3	3	0	0	0	7	30	0	0	2	1	0	13	0	11	2	8	7	0	1	0	80	6	0	0	3	0	0	0	1	0	0	0	2	0	1	10	100	3	180	0	18	6	25	1	0	1	4	5	1	29	0	0	1	0	0	0	6	5	1	5	0	0	17	2	9	0	6	10	1	61	3	0	1	1	1	1	1	0	0	0	10	2	25	27	0	1	0	4	0	2	10	3	1	6	6	0	2	1	0	0	0	4	0	516	0	4	4	1	10	234	1	1	4	1	4	1	2	4	114	8	0	0	6	0	15	1	1	3	0	502	2	5	2	7	1	2	0	0	8	0	8	14	5	1	162	5	14	3	4	21	6	26	13	0	0	1	2	5	2	0	7	5	4	1	0	2	0	1	6	10	9	1	1	0	30	1	3	25	6	3	4	0	5	4	53	0	1	16	15	201	0	0	5	17	0	3	5	0	0	1	1	35	1	5	5	5	0	9	1	10	0	0	57	0	2	8	2	2	1	24	1	0	0	0	2	1	0	2	0	14	107	1	1	19	22	108	16	0	77	51	34	2	0	4	0	0	0
Bacteria	Aquificae	0	0	0	0	0	0	0	0	0	0	0	0	0	0	0	0	0	0	0	0	0	0	0	0	0	0	0	0	0	0	0	0	0	0	0	0	0	0	0	0	0	0	0	0	0	0	0	0	0	0	0	0	0	0	0	0	0	0	1	0	0	0	0	0	0	0	0	0	0	0	0	0	0	0	0	0	0	0	0	0	0	0	0	0	0	0	0	0	0	0	0	0	0	0	0	0	0	0	0	0	0	0	0	0	0	0	0	0	0	0	0	0	0	0	0	0	0	0	0	0	0	0	0	0	0	0	0	0	0	0	0	0	0	0	0	0	0	0	0	0	0	0	0	0	0	0	0	0	0	0	0	0	0	0	0	0	0	0	0	0	0	0	0	0	0	0	0	0	0	0	0	0	0	0	0	0	0	0	0	0	0	0	0	0	0	0	0	0	0	0	0	0	0	0	0	0	0	0	0	0	0	0	0	0	0	0	0	0	0	0	0	0	0	0	0	0	0	0	0	0	0	0	0	0	0	0	0	0	0	0	0	0	0	0	0	0	0	0	0	0	0	0	0	0	0	0	0	0	0	0	0	0	0	0	0	0	0	0	0	0	0	0	0	0	0	0	0	0	0	0	0	0	0	0	0	0	0	0	0	0	0	0	0	0	0	0	0	0	0	0	0	0	0	0	0	0	0	0	0	0	0	0	0	0	0	0	0	0	0	0	0	0	0	0	0	0	0	0	0	0	0	0	0	0	0	0	0	0	0	0	0	0	0	0	0	0	0	0	0	0	0	0	0	0	0	0	0	0	0	0	0	0	0	0	0	0	0	0	0	0	0	0	0	0	0	0	0	0	0	0	0	0	0	0	0	0	0	0	0	0	0	0	0	0	0	0	0	0	0	0	0	0	0	0	0	0	0	0	0	0	0	0	0	0	0	0	0	0	0	0	0	0	0	0	0	0	0	0	0	0	0	0	0	0	0	0	0	0	0	0	0	0	0	0	0	0	0	0	0	0	0	0	0	0	0	0	0	0	0	0	0	0	0	0	0	0	0	0	0	0	0	0	0	0	0	0	0	0	0	0	0	0	0	0	0	0	0	0	0	0	0	0	0	0	0	0	0	0	0	0	0	0	0	0	0	0	0	0	0	0	0	0	0	0	0	0	0	0	0	0	0	0	0	0	0	0	0	0	0	0	0	0	0	0	0	0	0	0	0	0	0	0	0	0	0	0	0	0	0	0	0	0	0	0	0	0	0	0	0	0	0	0	0	0	0	0	0	0	0	0	0	0	0	0	0	0	0	0	0	0	0	0	0	0	0	0	0	0	0	0	0	0	0	0	0	1	0	0	0	0	0	0	0	0	0	0	0	0	0	0	0	0	0	0	0	0	0	0	0	0	0	0	0	0	1	0	0	0	0	0	0	0	0	0	0	0	0	0	0	0	0	0	0	0	0	0	0	0	0	0	0	0	0	0	0	0	0	0	0	0	0	0	0	0	0	0	0	0	0	0	0	0	0	0	0	0	0	0	0	0	0	0	0	0	0	0	0	0	0	0	0	0	0	0	0	0	0	0	0	0	0	0	0	0	0	0	0	0	0	0	0	0	0	0	0	0	0	0	0	0	0	0	0	0	0	0	0	0	0	0	0	0	0	0	0	0	0	0	0	0	0	0	0	0	0	0	0	0	0	0	0	0	0	0	0	0	0	0	0	0	0	0	0	0	0	0	0	0	0	0	0	0	0	0	0	0	0	0	0	0	0	0	0	0	0	0	0	0	0	0	0	0	0	0	0	0	0	0	0	0	0	0	0	0	0	0	0	0	0	0	0	0	0	0	0	0	0	0	0	0	0	0	0	0	0	0	0	0	0	0	0	0	0	0	0	0	0	0	0	0	0	0	0	0	0	0	0	0	0	0	0	0	0	0	0	0	0	0	0	0	0	0	0	0	0	0	0	0	0	0	0	0	0	0	0	0	0	0	0	0	0	0	0	0	0	0	0	0	0	0	0	0	0	0	0	0	0	0	0	0	0	0	0	0	0	0	0	0	0	0	0	0	0	0	0	0	0	0	0	0	0	0	0	0	0	0	0	0	0	0	0	0	0	0	0	0	0	0	0	0	0	0	0	0	0	0	0	0	0	0	0	0	0	0	0	0	0	0	0	0	0	0	0	0	0	0	0	0	0	0	0	0	0	0	0	0	0	0	0	0	0	0	0	0	0	0	0	0	0	0	0	0	0	0	0	0	0	0	0	0	0	0	0	0	0	0	0	0	0	0	0	0	0	0	0	0	0	0	0	0	0	0	0	0	0	0	0	0	0	0	0	0	0	0	0	0	0	0	0	0	0	0	0	0	0	0	0	0	0	0	0	0	0	0	0	0	0	0	0	0	0	0	0	0	0	0	0	0	0	0	0	0	0	0	0	0	0	0	0	0	0	0	0	0	0	0	0	0	0	0	0	0	0	0	0	0	0	0	0	0	0	0	0	0	0	0	0	0	0	0	0	0	0	0	0	0	0	0	0	0	0	0	0	0	0	0	0	0	0	0	0	0	0	0	0	0	0	0	0	0	0	0	0	0	0	0	0	0	0	0	0	0	0	0	0	0	0	0	0	0	0	0	0	0	0	0	0	0	0	0	0	0	0	0	0	0	0	0	0
Bacteria	Armatimonadetes	0	0	0	0	0	0	0	0	0	0	0	0	0	0	0	0	0	0	0	0	0	0	0	0	0	0	0	0	0	0	0	0	0	0	0	0	0	0	0	0	0	0	0	0	0	0	0	0	0	0	0	0	0	0	0	0	0	0	0	0	0	0	0	0	0	0	0	0	0	0	0	0	0	0	0	0	0	0	0	0	0	0	0	0	0	0	0	0	0	0	0	0	0	0	0	0	0	0	0	0	0	0	0	0	0	0	0	0	0	0	0	0	0	0	0	0	0	0	0	0	0	0	0	0	0	0	0	0	0	0	0	0	0	0	0	0	0	0	0	0	0	0	0	0	0	0	0	0	0	0	0	0	0	0	0	0	0	0	0	0	0	0	0	0	0	0	0	0	0	0	0	0	0	0	0	0	0	0	0	0	0	0	0	0	0	0	0	0	0	0	0	0	0	0	0	0	0	0	0	0	0	0	0	0	0	0	0	0	0	0	0	0	0	0	0	0	0	0	1	0	0	0	0	0	0	0	0	0	0	0	0	0	0	0	0	0	0	0	0	0	0	0	0	0	0	0	0	0	0	0	0	0	0	0	0	0	0	0	0	0	0	0	0	0	0	0	0	0	0	0	0	0	0	0	0	0	0	0	0	0	0	0	0	0	0	0	0	0	0	0	0	0	0	0	0	0	0	0	0	0	0	0	0	0	0	0	0	0	0	0	0	0	0	0	0	0	0	0	0	0	0	0	0	0	0	0	0	0	0	0	0	0	0	0	0	0	0	0	0	0	0	0	0	0	0	0	0	0	0	0	0	0	0	0	0	0	0	0	0	0	0	0	0	0	0	0	0	0	0	0	1	0	0	0	0	0	0	0	0	0	0	0	0	0	1	0	0	0	0	0	0	0	0	0	0	0	0	0	0	0	0	0	0	0	0	0	0	0	0	0	0	0	0	0	0	0	0	0	0	0	0	0	0	0	0	0	0	0	0	0	0	0	0	0	0	0	0	0	0	0	0	0	0	0	0	0	0	0	0	0	0	0	0	0	0	0	0	0	0	0	0	0	0	0	0	0	0	0	0	0	0	0	0	0	0	0	0	0	0	0	0	0	0	0	0	0	0	0	0	0	0	0	0	0	0	0	0	0	0	0	0	0	0	0	0	0	0	0	0	0	505	0	0	0	0	0	2109	0	0	0	0	0	0	0	0	0	0	0	0	0	0	0	0	0	0	0	0	0	0	0	0	0	0	0	0	0	0	0	0	0	0	0	0	0	0	0	0	0	0	0	0	0	0	0	0	0	0	0	0	0	1	0	0	0	0	0	0	0	0	0	0	0	0	0	0	0	0	0	0	0	0	0	0	0	0	0	0	0	0	0	0	88	0	0	0	0	0	0	0	0	0	0	0	2	319	0	0	0	0	0	0	0	0	0	0	0	0	0	0	0	0	0	0	0	0	0	0	0	0	19	0	0	0	0	0	0	0	0	0	0	0	3	0	0	2	0	382	0	0	0	0	0	0	0	0	0	0	0	0	0	0	0	2	0	0	0	0	0	0	0	0	0	0	0	0	0	0	0	0	4676	0	0	0	0	0	0	0	0	1	0	451	0	0	0	0	0	677	0	0	0	0	0	0	0	0	0	0	0	0	0	0	0	0	0	0	0	0	0	0	0	0	0	0	0	2006	0	0	0	0	0	0	0	0	0	0	0	0	0	0	0	0	0	0	0	0	0	0	0	0	0	0	0	0	0	0	0	0	0	0	0	0	0	0	0	0	0	0	0	0	0	0	0	0	0	0	0	0	0	0	0	0	0	1	0	0	0	0	0	1	0	0	0	0	0	0	0	0	0	0	0	0	0	0	0	0	0	0	0	0	0	0	0	0	0	0	0	0	0	0	0	0	0	0	0	0	0	0	0	0	0	0	0	0	0	0	0	0	0	0	0	0	0	0	0	0	0	3	0	0	0	0	0	0	0	0	0	0	0	0	0	0	0	0	0	0	0	0	0	0	0	0	0	0	0	0	0	0	0	0	0	0	0	0	0	0	0	0	0	0	0	0	0	1	0	0	0	0	0	0	0	0	0	0	0	0	0	0	0	0	0	0	0	0	1	0	0	0	36	0	0	0	0	0	0	0	0	1	0	0	0	0	0	313	0	0	0	0	0	0	0	0	0	0	0	0	0	0	0	0	0	0	0	0	0	0	0	0	0	0	0	0	0	0	0	0	0	0	0	0	0	0	0	0	0	0	0	0	0	0	0	0	0	0	0	0	0	1	0	0	16	0	0	0	0	0	0	0	0	0	1	0	0	0	0	0	0	0	0	0	0	0	0	1	0	0	0	0	0	0	0	0	0	0	0	0	0	0	0	0	2	0	0	0	0	7	0	0	0	0	0	0	0	0	0	0	0	0	0	0	0	11	0	0	0	0	0	0	0	0	0	0	0	0	0	0	0	0	0	0	0	0	0	0	0	0	0	0	0	0	0	0	0	0	0	0	0	0	0	0	0	0	0	0	0	0	0	0	0	0	0	0	0	0	0	0	0	0	0	0	0	0	0	0	0	0	0	0	0	0	0	0	0	0	0	0	1	0	0	0	0	0	0	0	0	0	0	0	0	0	0	0	0	0	0	0	0	0	0	0	0	0	0	0	0	0	0	0	0	0
Bacteria	Bacteroidetes	36	238	206	30	0	7	18	0	0	2	17	1	6	2	27	6	2	0	10	17	11	0	337	0	11	6	3	98	0	0	4	2	0	1	0	42	1	7	108	30	0	10	9	6	3	1	7798	1	1	16	0	14	30	1	48	0	39	1	224	593	1	1	7	1	7	211	28	17	3	38	254	16	13	0	2	7	2247	17	39	0	16	399	0	4	1671	8	45	80	757	0	31	1	107	24	1	332	12	6	129	1	831	124	0	30	2	53	19	104	23	2	10	1	2	12	241	16	6	2	1418	78	5	9	0	1	0	60	105	0	36	18	3074	0	1	86	69	1	5	399	0	2	16	1	6	0	1558	0	3	2	2	33	231	67	23	80	34	5	6	3	16	3	0	0	106	46	1	1	10	6	2	0	1	82	1	33	5	11	0	304	1	44	0	0	17	182	138	3	0	0	0	90	0	1	300	2	13	10	6	171	242	0	1168	9	1167	12	131	9	1	673	14	13	6	462	10	190	2	42	0	0	0	3139	0	75	34	42	0	2	73	70	10	23	4	238	183	1	39	11	0	0	16	2	1	49	231	1	11	0	0	3	31	2	14	0	58	8	110	37	3	70	152	379	20	1	157	46	2	28	58	1436	0	3	5	4	21	0	4	9	125	2	4	701	142	123	1058	32	3	91	51	262	116	52	211	194	139	68	300	79	36	19	224	10	92	5	2	5	0	0	5	0	53	106	71	29	8	1882	44	3	40	0	358	0	8	7	7	611	91	1	6	13	6	1	22	140	0	0	6929	15	4	19	0	936	11	0	5	0	74	104	35	994	604	406	1	104	4	0	129	562	185	0	36	140	21	1181	13	0	125	24	4	1	93	2	38	7	3	634	49	6	98	45	3	994	210	142	12	12	10	3	559	24	1	2	90	18	17	77	3	6	0	16	13	0	1	1	18	48	30	6	19	115	0	13	7	21	2	34	6	13	7	12	0	0	33	8	1	102	1850	1	41	1	8	20	6	1266	11	87	0	46	1	82	5	147	1	2	0	0	137	15	3	0	5	41	61	3	7	6	323	19	37	57	4	21	14	3	0	239	9	5	1	340	98	170	9	23	1199	20	8	4	22	272	2	0	34	1	126	6	0	7	14	8	51	1	1	4	147	2	0	2	0	1	24	0	6	19	1	1	4317	5	0	3	1	12	8	119	78	26	44	115	103	1	10	4	1	20	167	150	154	391	125	17	737	22	13	482	70	55	0	0	0	32	2	51	295	34	16	104	16	3	30	40	5	0	1	3	2518	12	414	589	461	2	4	2	118	127	0	16	2	135	55	52	0	256	56	2	111	0	21	21	33	43	90	10	92	6	0	0	65	589	99	15	52	35	27	25	72	64	0	0	22	96	8	79	266	337	3966	116	63	1	18	3	41	25	189	8	0	256	245	118	1	10	94	34	66	0	64	209	39	5	0	376	16	2	109	586	25	22	1505	13	13	107	358	79	49	16	0	22	99	391	42	3051	48	15	54	88	19	92	54	218	41	98	25	72	426	180	14	26	19	87	27	108	12	40	34	99	654	3	51	2	0	37	71	492	108	12	49	8	108	93	39	6	162	47	5	41	73	109	108	11	0	34	26	216	277	105	45	753	35	15	47	214	405	104	122	64	5	94	182	279	144	44	45	114	7	0	2	73	51	317	14	957	137	352	59	35	1	3	14	2	26	17	945	1252	111	33	1	2	2	98	4	195	104	28	856	4	28	176	15	237	687	501	10	6	13	105	138	103	65	53	103	0	78	200	3	1	148	327	2	3	0	42	238	25	27	2368	129	9	85	32	56	8	9	38	117	218	58	0	23	5	4	70	275	45	0	160	136	11	6	10	13	1196	106	171	0	471	28	0	0	4	10	4	208	24	4	4	1007	1	321	0	2	4	2	563	13014	1	34	14	20	30	2919	1282	1	4025	13	424	11	142	3635	2	8	1	2	6	24	114	17	210	5	15	88	0	23	214	3	80	1	38	0	5	6	2152	471	48	10	19	843	12	43	88	9	48	0	239	20	13	41	17	3	207	4	9	29	1731	294	1	15	0	0	537	0	30	60	174	42	9	0	4	1220	4	20	28	32	2	7	0	25	168	0	232	3	286	2627	5211	29	1118	179	3	12	20	285	32	0	6	2	14	10	71	0	26	77	30	24	1	34	0	318	8	2	12	32	0	3	96	133	43	0	2	1250	2045	227	35	2	507	5	2	423	2	39	47	90	1	46	0	4	95	1	0	5	2	134	52	2	4	635	55	30	13	13	58	4454	12	137	840	1886	1	79	249	1	3	2	38	9	37	0	289	84	33	23	971	4	3	0	12	22	1270	35	285	1	0	0	15	1	0	0	4	17	31	2	242	12	104	6	0	1	8	19	27	8	77	81	6	34	30	39	154	1	9	27	2	28	1	52	4	18	320	21	303	1	183	52	79	2	23	0	0	73	57	1	9	1	33	67	151	6	134	17	1	6	146	13	4599	17	97	86	12	15	3348	2429	0	10	1	4	8	76	341	41	14	9	0	8659	282	3	1183	0	33	58	6	639	6	1	412	2281	455	0	26	15	12	3485	72	34	55	36	0	8	5	81	6	58	6	82	17	17	64	3	69	3	52	2	0	48	700	8	249	2	61	8	1104	0	0	0	38	14	32	10	2	1	95	240	26	12	32	12	3	0	1264	696	164	0	3136	92	15	7
Bacteria	Balneolaeota	1	162	165	1	0	1	0	0	1	0	158	3	22	5	28	0	1	0	1	0	0	1	340	0	7	1	0	2	1	0	0	1	1	0	0	719	0	144	70	340	372	5	3	1	274	0	405	0	1	93	0	0	0	3	1	7	0	586	1	37	3	2	645	0	106	5	4	84	1	0	401	319	6	0	0	1	216	2	18	0	8	15	1	0	164	0	0	206	11	0	0	0	483	22	0	87	4	1	250	1	66	7	2	0	1	141	1	0	7	0	0	0	1	2	52	69	0	6	14	7	1	1	0	0	0	41	103	0	0	125	293	13	1	126	312	2	15	135	0	0	0	0	3	1	235	2	0	6	0	0	339	1	0	81	3	0	1	0	1	10	1	0	181	8	1	0	0	2	2	0	1	118	0	0	0	1	1	131	0	6	0	0	0	154	3	0	0	0	0	41	2	0	9	0	0	6	0	4	125	0	23	4	22	0	6	0	1	510	1	1	178	16	66	115	1	18	0	0	0	298	0	3	138	0	0	0	0	223	50	73	0	0	1547	1	145	0	0	0	488	0	0	95	717	0	0	1	0	1	41	3	0	3	0	0	86	0	5	1415	489	157	1	0	126	60	2	56	323	33	0	0	0	0	0	0	0	0	79	0	1	7	3	196	17	2	0	2	2	7	182	206	510	318	108	1	15	1	284	0	132	0	365	1	1	4	0	0	1	2	2	472	104	0	1	177	4	4	0	0	52	187	1	17	0	1012	1	0	2	65	0	0	522	24	2	0	131	4	6	4	0	271	0	0	0	3	2	3	143	1437	1077	193	0	140	6	0	178	475	55	0	1	261	1	659	14	0	120	0	3	0	7	1	129	0	0	957	4	1	216	63	3	142	277	124	6	0	1	239	409	0	0	0	1	2	21	18	0	0	0	148	0	0	1	1	2	2	1	0	2	261	0	0	0	0	0	431	0	2	2	0	1	0	5	0	1	236	1599	0	1	316	0	0	199	340	0	0	1	0	1	2	0	6	0	0	1	0	5	3	0	0	0	2	117	1	1	9	76	15	73	181	0	28	1	0	4	42	0	1	1	38	76	12	0	3	110	0	0	0	0	197	0	0	533	0	1	0	0	1	0	0	5	2	0	0	1022	0	0	7	0	0	1	0	6	11	0	0	49	11	0	6	1	0	0	117	1	0	1	27	7	0	1	18	0	78	304	5	139	498	0	18	95	1	0	63	222	83	1	0	0	1	1	51	142	35	17	3	2	1	7	0	1	0	0	1	810	0	315	129	13	3	1	25	8	258	5	2	0	78	53	102	0	292	0	0	176	0	2	3	82	264	4	49	91	113	0	1	45	83	387	32	44	36	10	435	21	4	0	0	0	12	0	2	8	0	1203	494	2	1	1017	0	26	66	26	0	0	17	1	70	1	0	1	0	3	0	50	84	143	0	0	102	3	0	206	77	27	2	3	1	14	11	508	13	18	0	1	508	69	79	2	150	20	1	0	3	49	6	1	83	3	125	15	222	16	82	0	1	1653	103	1	1	2	43	5	13	126	2	37	110	0	2	9	22	94	3	2	11	2	80	20	0	210	0	7	5	44	30	294	1	202	0	1	0	0	2	3	277	21	6	1	73	163	3	2	24	0	184	605	179	5	1	47	3	0	0	9	62	33	128	29	33	313	108	3	2	0	1	1	0	2	0	335	99	102	5	0	0	5	32	208	76	158	16	372	2	4	71	2	2	133	251	0	0	30	723	9	182	1	853	84	95	243	0	0	0	13	178	0	12	0	3	26	38	273	221	1	2	109	1	1	0	6	0	3	305	3	0	5	25	172	88	11	101	1	15	198	1	1	0	15	279	3	530	0	263	1	0	0	0	598	1	103	6	2	0	95	396	840	0	1	1	1	243	159	1	8	5	18	3	703	56	0	33	0	1	3	629	95	0	0	0	2	0	2	1117	0	171	0	2	594	0	1	805	0	0	0	13	0	7	0	489	1	772	161	2	172	6	822	197	4	2	2	655	0	3	136	0	0	73	12	1	1	224	2233	1	146	0	0	279	0	0	156	765	1	1	2	0	87	24	27	0	47	44	27	0	20	523	1	0	0	43	41	112	3	329	26	0	0	0	170	2	0	0	0	2	13	0	0	0	635	0	1390	0	0	0	134	0	0	1	1	0	0	11	357	0	0	1	262	202	237	2	0	145	0	0	1	4	0	9	0	0	259	0	300	0	0	0	3	162	10	0	0	0	168	66	3	0	47	6	781	0	139	607	782	0	7	0	0	2	0	1	2	2	0	552	63	430	16	405	1	1	0	2	0	128	12	176	1	0	1	0	7	0	1	0	139	0	0	3840	0	126	0	0	1	0	68	2	2	1	1	2	6	41	410	294	0	0	3	0	0	0	562	7	0	431	0	385	0	371	325	1	0	7	0	0	0	28	0	0	1	51	11	173	0	9	0	1	0	125	2	138	503	5	324	2	1	606	902	0	1	0	1	0	69	1	1	3	3	1	883	75	0	432	0	220	551	0	84	0	1	629	72	435	0	5	0	0	19	93	0	160	0	0	250	50	0	0	1	0	6	0	0	0	0	8	0	0	0	0	0	365	1	446	0	22	14	223	0	0	0	4	2	0	5	1	0	1211	72	101	3	43	0	3	1	479	1	367	1	219	103	1	0
Bacteria	Calditrichaeota	0	1	0	0	0	0	0	0	0	0	0	0	0	0	0	0	0	0	0	0	0	0	0	0	0	0	0	0	0	0	0	0	0	0	0	0	0	0	0	0	0	0	0	0	0	0	0	0	0	0	0	0	0	0	0	0	0	0	0	0	0	0	0	0	0	0	0	0	0	0	0	0	0	0	0	0	0	0	0	0	0	0	0	0	0	0	0	0	0	0	0	0	0	0	0	0	0	0	0	0	0	0	0	0	0	0	0	0	0	0	0	0	0	0	0	0	0	0	0	0	0	0	0	0	0	0	0	0	0	0	0	0	0	0	0	0	0	0	0	0	0	0	0	0	0	0	0	0	0	0	0	0	0	0	0	0	0	0	0	0	0	0	0	0	0	0	0	0	0	0	0	0	0	0	0	0	0	0	0	0	0	0	0	0	0	0	0	0	0	0	0	0	0	0	0	0	0	0	0	0	0	0	0	0	0	0	0	0	0	0	0	0	0	0	0	0	0	0	0	0	0	0	0	0	0	0	0	0	0	0	0	0	0	0	0	0	0	0	0	0	0	0	0	0	0	0	0	0	0	0	0	0	0	0	0	0	0	0	0	0	0	0	0	0	0	0	0	0	0	0	0	0	0	0	0	0	0	0	0	0	0	0	0	0	0	0	0	0	0	0	0	0	0	0	0	0	0	0	0	0	0	0	0	0	0	0	0	0	0	0	0	0	0	0	0	0	0	0	0	0	0	0	0	0	0	0	0	0	0	0	0	0	0	0	0	0	0	0	0	0	0	0	0	0	0	0	0	0	0	0	0	0	0	0	0	0	0	0	0	0	0	0	0	0	0	0	0	0	0	0	0	0	0	0	0	0	0	0	0	0	0	0	0	0	0	0	0	0	0	0	0	0	0	0	0	0	0	0	0	0	0	0	0	0	0	0	0	0	0	0	0	0	0	0	0	0	0	0	0	0	0	0	0	0	0	0	0	0	0	0	0	0	0	0	0	0	0	0	0	0	0	0	0	0	0	0	0	0	0	0	0	0	0	0	0	0	0	0	0	0	0	0	0	0	0	0	0	0	0	0	0	0	0	0	0	0	0	0	0	0	0	0	0	0	0	0	0	0	0	0	0	0	0	0	0	0	0	0	0	0	0	0	0	0	0	0	0	0	0	0	0	0	0	0	0	0	0	0	0	0	0	0	0	0	0	0	0	0	0	0	0	0	0	0	0	0	0	0	0	0	0	0	0	0	0	0	0	0	0	0	0	0	0	0	0	0	0	0	0	0	0	0	0	0	0	0	0	0	0	0	0	0	0	0	0	0	0	0	1	0	0	0	0	0	0	0	0	0	0	0	0	0	0	1	0	0	0	0	0	0	0	0	0	0	0	0	0	0	0	0	0	0	0	0	0	0	0	0	0	0	0	0	0	0	0	0	0	0	0	0	0	0	0	0	0	0	0	0	0	0	0	0	0	0	0	0	0	0	0	0	0	0	0	0	0	0	0	0	0	0	0	0	0	0	0	0	0	0	0	0	0	0	0	0	0	0	0	0	0	0	0	0	0	0	0	0	0	0	0	0	0	0	0	0	0	0	0	0	0	0	0	0	0	0	0	0	0	0	0	0	0	0	0	0	0	0	0	0	0	0	0	0	0	0	0	0	0	0	0	0	0	0	0	0	0	0	0	0	0	0	0	0	0	0	0	0	0	0	0	0	0	0	0	0	0	0	0	0	0	0	0	0	0	0	1	0	0	0	0	2	0	0	0	0	0	0	0	0	0	0	0	0	0	0	0	0	0	0	0	0	0	0	0	0	0	0	0	0	0	0	0	0	0	0	0	0	0	0	0	0	0	0	0	0	0	0	0	0	0	0	0	0	0	0	0	0	0	0	0	0	0	0	0	0	0	0	0	0	0	0	0	0	0	0	0	0	0	0	0	0	0	0	0	0	0	0	0	0	0	0	0	0	0	0	0	0	0	0	0	0	0	0	0	0	0	0	0	0	0	0	0	0	0	0	0	0	0	0	0	0	0	0	0	0	0	0	0	0	0	0	0	0	0	0	0	0	0	0	0	0	0	0	0	0	0	0	0	0	0	0	0	0	0	0	0	0	0	0	0	0	0	0	0	0	0	0	0	0	0	0	0	0	0	0	0	0	0	0	0	0	0	0	0	0	0	0	0	0	0	0	0	0	0	0	0	0	0	0	0	0	0	0	0	0	0	0	0	0	0	0	0	0	0	0	0	0	0	0	0	0	0	0	0	0	0	0	0	0	0	0	0	0	0	0	0	0	0	0	0	0	0	0	0	0	0	0	0	0	0	0	0	0	0	0	0	0	0	0	0	0	0	0	0	0	0	0	0	0	0	0	0	0	0	0	0	0	0	0	0	0	0	0	0	0	0	0	0	0	0	0	0	0	0	0	0	0	0	0	0	0	0	0	0	0	0	0	0	0	0	0	0	0	0	0	0	0	0	0	0	0	0	0	0	0	0	0	0	0	0	0	0	0	0	0	0	0	0	0	0	0	0	0	0	0	0	0	0	0	0	0	0	0	0	0	0	0	0	0	0	0	0	0	0	0	0	0	0	0	0	0	0	0	0	0	0	0	0	0	0	0	0	0	0	0	0	0	0	0	0	0	0	0	0	0	0	0	0	0	0
Bacteria	Candidatus_Abawacabacteria	0	0	0	0	0	0	2	0	1	0	0	0	0	0	0	0	0	0	0	0	0	0	0	0	0	0	0	3	0	0	0	0	0	0	0	0	0	0	1	0	0	0	0	0	0	1	0	0	0	0	0	0	0	0	0	0	0	0	0	0	0	0	0	0	0	0	1	0	0	0	0	0	2	0	0	0	0	0	0	0	0	0	0	0	0	0	0	0	0	0	0	0	0	0	0	0	0	4	0	0	0	0	0	0	0	0	0	0	0	0	0	0	0	0	0	0	0	6	0	0	0	0	0	0	0	1	0	0	0	0	0	0	0	0	0	0	0	0	0	0	0	0	0	0	3	0	0	0	0	0	0	0	0	0	0	0	0	0	0	0	0	0	0	0	0	0	0	0	0	0	0	0	0	1	0	0	0	0	0	0	0	0	0	0	0	0	0	0	0	0	0	0	0	0	0	0	0	0	0	0	2	1	1	0	0	0	0	0	0	0	0	0	0	0	0	0	0	0	0	0	0	0	0	0	0	0	0	0	0	0	0	0	0	0	0	0	0	0	0	0	0	0	0	0	0	0	0	0	0	0	0	0	0	0	0	0	0	0	0	0	0	0	0	0	0	0	0	0	0	0	0	0	0	0	0	0	0	0	0	0	0	0	0	0	0	0	3	0	0	0	0	0	0	0	0	0	0	0	0	0	0	0	0	0	0	0	0	0	1	0	0	0	0	0	0	0	0	0	5	0	2	0	0	1	3	0	0	0	0	1	0	0	0	0	1	1	0	0	0	0	0	0	1	2	0	0	0	0	0	0	0	0	0	0	0	0	0	0	0	0	0	0	0	0	0	0	0	0	0	0	0	0	0	0	0	0	0	0	0	0	0	0	0	0	0	0	0	0	0	0	0	0	0	0	0	0	0	0	0	0	0	0	0	0	0	0	0	0	0	0	0	0	0	0	1	0	0	0	0	0	1	3	0	0	0	0	0	0	0	0	0	0	0	0	0	0	0	0	0	0	0	0	0	0	1	0	0	0	0	0	0	0	0	0	0	0	0	0	0	0	1	0	0	0	0	0	0	0	0	0	0	0	0	0	0	0	0	0	0	0	0	0	0	0	0	0	0	0	3	0	0	1	0	0	0	0	0	0	0	0	0	0	0	0	0	0	0	0	0	0	0	0	0	0	0	0	0	0	0	0	0	0	0	0	0	0	0	0	0	0	0	0	0	0	0	0	0	0	0	0	1	0	0	0	0	0	0	0	0	0	0	0	0	0	0	0	0	0	0	0	0	0	0	0	0	2	0	0	0	0	0	0	0	0	0	0	0	0	0	0	0	3	0	0	0	0	0	0	0	0	0	0	0	0	0	0	0	0	0	0	0	0	1	0	0	0	0	0	0	0	0	0	0	0	1	0	0	0	0	0	0	0	2	0	0	0	0	0	0	0	0	0	0	0	0	2	0	0	0	0	0	0	0	0	0	1	0	0	0	0	0	0	0	0	0	0	0	0	0	0	0	0	0	0	29	0	0	0	0	0	0	0	0	0	0	0	0	0	0	0	0	0	0	0	0	0	0	0	0	0	0	0	0	0	0	0	0	0	0	0	1	0	0	0	0	0	0	0	0	0	0	0	0	0	0	0	0	0	0	0	0	0	0	0	0	0	0	0	0	0	0	0	0	0	0	0	0	0	1	0	0	0	0	0	0	0	0	0	0	0	0	0	0	0	0	0	0	0	0	0	0	0	8	0	0	0	0	0	0	0	0	0	2	0	0	0	0	0	0	0	0	0	0	0	0	0	0	0	0	0	0	0	0	0	0	0	0	0	0	0	0	0	0	0	0	0	0	0	0	0	0	0	0	0	0	0	0	0	0	0	0	0	0	0	0	0	0	0	0	0	0	0	0	0	0	0	0	0	0	0	0	0	0	0	0	0	0	0	0	0	0	0	0	0	0	0	0	0	0	0	0	0	0	0	0	0	0	0	0	0	0	0	0	0	0	0	0	0	0	0	2	0	0	0	0	0	0	0	0	0	0	3	0	0	0	0	0	1	0	0	0	0	0	0	0	0	0	0	0	0	0	0	0	0	0	0	0	0	0	0	0	0	0	0	1	0	0	0	0	0	0	5	0	0	0	0	0	0	0	0	0	0	0	0	0	0	0	0	0	0	0	0	0	0	0	0	0	0	0	0	0	0	0	0	0	0	0	0	0	0	0	0	0	0	0	0	0	0	0	0	0	1	0	0	0	0	0	0	0	0	0	0	0	0	0	0	0	0	0	0	0	0	0	0	0	0	0	0	0	0	0	0	0	0	0	0	0	0	0	0	0	0	0	0	0	0	0	0	0	0	0	0	0	0	0	0	0	0	0	0	0	0	0	0	0	0	0	0	0	0	2	0	0	0	0	0	0	0	0	0	0	0	0	1	0	0	0	0	0	0	0	0	0	0	0	0	0	0	0	0	0	0	0	0	0	0	0	0	0	0	0	0	0	0	0	0	0	0	0	0	0	0	0	0	0	0	0	0	0	0	0	0	0	0	0	0	0	0	3	0	0	0	0	0	0	0	0	0	0	0	0	0	0	0	0	0	0	0	0	0	0	0	0	0	0	0	0	0	0	0	0	0	0	0	0	0	0	0	0	0	0	0	0	0	0	0	0	0	0
Bacteria	Candidatus_Acetothermia	0	0	0	0	0	0	0	0	0	0	0	0	0	0	0	0	0	0	0	0	0	0	0	0	0	0	0	0	0	0	0	0	0	0	0	0	0	0	0	0	0	0	0	0	0	0	0	0	0	0	0	0	0	0	0	0	0	0	0	0	0	0	0	0	0	0	0	0	0	0	0	0	0	0	0	0	0	0	0	0	0	0	0	0	0	0	0	0	0	0	0	0	0	0	0	0	0	0	0	0	0	0	0	0	0	0	0	0	0	0	0	0	0	0	0	0	0	0	0	0	0	0	0	0	0	0	0	0	0	0	0	0	0	0	0	0	0	0	0	0	0	0	0	0	0	0	0	0	0	0	0	0	0	0	0	0	0	0	0	0	0	0	0	0	0	0	0	0	0	0	0	0	0	0	0	0	0	0	0	0	0	0	0	0	0	0	0	0	0	0	0	0	0	0	0	0	0	0	0	0	0	0	0	0	0	0	0	0	0	0	0	0	0	0	0	0	0	0	0	0	0	0	0	0	0	0	0	0	0	0	0	0	0	0	0	0	0	0	0	0	0	0	0	0	0	0	0	0	0	0	0	0	0	0	0	0	0	0	0	0	0	0	0	0	0	0	0	0	0	0	0	0	0	0	0	0	0	0	0	0	0	0	0	0	0	0	0	0	0	0	0	0	0	0	0	0	0	0	0	0	0	0	0	0	0	0	0	0	0	0	0	0	0	0	0	0	0	0	0	0	0	0	0	0	0	0	0	0	0	0	0	0	0	0	0	0	0	0	0	0	0	0	0	0	0	0	0	0	0	0	0	0	0	0	0	0	0	0	0	0	0	0	0	0	0	0	0	0	0	0	0	0	0	0	0	0	0	0	0	0	0	0	0	0	0	0	0	0	0	0	0	0	0	0	0	0	0	0	0	0	0	0	0	0	0	0	0	0	0	0	0	0	0	0	0	0	0	0	0	0	0	0	0	0	0	0	0	0	0	0	0	0	0	0	0	0	0	0	0	0	0	0	0	0	0	0	0	0	0	0	0	0	0	0	0	0	0	0	0	0	0	0	0	0	0	0	0	0	0	0	0	0	0	0	0	0	0	0	0	0	0	0	0	0	0	0	0	0	0	0	0	0	0	0	0	0	0	0	0	0	0	0	0	0	0	0	0	0	0	0	0	0	0	0	0	0	0	0	0	0	0	0	0	0	0	0	0	0	0	0	0	0	0	0	0	0	0	0	0	0	0	0	0	0	0	0	0	0	0	0	0	0	0	0	0	0	0	0	0	0	0	0	0	0	0	3	0	0	0	0	0	0	0	0	0	0	0	0	0	0	0	0	0	0	0	0	0	0	0	0	0	0	0	0	0	0	0	0	0	0	0	0	0	0	0	0	0	0	0	0	0	0	0	0	0	0	0	0	0	0	0	0	2	0	0	0	0	0	0	0	0	0	0	0	0	0	0	0	0	0	0	0	0	0	0	0	0	0	0	0	0	0	0	0	0	0	0	0	0	0	0	0	0	0	0	0	0	0	0	0	0	0	0	0	0	0	0	0	0	0	0	0	0	0	0	0	0	0	0	0	0	0	0	0	0	0	0	0	0	0	0	0	0	0	0	0	0	0	0	0	0	0	0	0	0	0	0	0	0	0	0	0	0	0	0	0	0	0	0	0	0	0	0	0	0	0	0	0	0	0	0	0	0	0	0	0	0	0	0	0	0	0	0	0	0	0	0	0	0	0	0	0	0	0	0	0	0	0	0	0	0	0	0	0	0	0	0	0	0	0	0	0	0	0	0	0	0	0	0	0	0	0	0	0	0	0	0	0	0	0	0	0	0	0	0	0	0	0	0	0	0	0	0	0	0	0	0	0	0	0	0	0	0	0	0	0	0	0	0	0	0	0	0	0	0	0	0	0	0	0	0	0	0	0	0	0	0	0	0	0	0	0	0	0	0	0	0	0	0	0	0	0	0	0	0	0	0	0	0	0	0	0	0	0	0	0	0	0	0	0	0	0	0	0	0	0	0	0	0	0	0	0	0	0	0	0	0	0	0	0	0	0	0	0	0	0	0	0	0	0	0	0	0	0	0	0	0	0	0	0	0	0	0	0	0	0	0	0	0	0	0	0	0	0	0	0	0	0	0	0	0	0	0	0	0	0	0	0	0	0	0	0	0	0	0	0	0	0	0	0	0	0	0	0	0	0	0	0	0	0	0	0	0	0	0	0	0	0	0	0	0	0	0	0	0	0	0	0	0	0	0	0	0	0	0	0	0	0	0	0	0	0	0	0	0	0	0	0	0	0	0	0	0	0	0	0	0	0	0	0	0	0	0	0	0	0	0	0	0	0	0	0	0	0	0	0	0	0	0	0	0	0	0	0	0	0	0	0	0	0	0	0	0	0	0	0	0	0	0	0	0	0	0	0	0	0	0	0	0	0	0	0	0	0	0	0	0	0	0	0	0	0	0	0	0	0	0	0	0	0	0	0	0	0	0	0	0	0	0	0	0	0	0	0	0	0	0	0	0	0	0	0	0	0	0	0	0	0	0	0	0	0	0	0	0	0	0	0	0	0	0	0	0	0	0	0	0	0	0	0	0	0	0	0	0	0	0	0	0	0	0	0	0	0	0	0	0	0	0	0	0	0	0	0	0	0	0	0	0
Bacteria	Candidatus_Atribacteria	0	0	0	0	0	0	0	0	0	0	0	0	0	0	0	0	0	0	0	0	0	0	0	0	0	0	0	0	0	0	0	0	0	0	0	0	0	0	0	0	0	0	0	0	0	0	0	0	0	0	0	0	0	0	0	0	0	0	0	0	0	0	0	0	0	0	0	0	0	0	0	0	0	0	0	0	0	0	0	0	0	0	0	0	0	0	0	0	0	0	0	0	0	0	0	0	0	0	0	0	0	0	0	0	0	0	0	0	1	0	0	0	0	0	0	0	0	0	0	0	0	0	0	0	0	0	0	0	0	0	0	0	0	0	0	0	0	0	0	0	0	0	0	0	0	0	0	0	0	0	0	0	0	0	0	0	0	0	0	0	0	0	0	0	0	0	0	0	0	0	0	0	0	0	0	0	0	0	0	0	0	0	0	0	0	0	0	0	0	0	0	0	0	0	0	0	0	0	0	0	0	0	0	0	0	0	0	0	0	0	0	0	0	0	0	0	0	0	0	0	0	0	0	0	0	0	0	0	0	0	0	0	0	0	0	0	0	0	0	0	0	0	0	0	0	0	0	0	0	0	0	0	0	0	0	0	0	0	0	0	0	0	0	0	0	0	0	0	0	0	0	0	0	0	0	0	0	0	0	0	0	0	0	0	0	0	0	0	0	0	0	0	0	0	0	0	0	0	0	0	0	0	0	0	0	0	0	0	0	0	0	0	0	0	0	0	0	0	0	0	0	0	0	0	0	0	0	0	0	0	0	0	0	0	0	0	0	0	0	0	0	0	0	0	0	0	0	0	0	0	0	0	0	0	0	0	0	0	0	0	0	0	0	0	0	0	0	0	0	0	0	0	0	0	0	0	0	0	0	0	0	0	0	0	0	0	0	0	0	0	0	0	0	0	0	0	0	0	0	0	0	0	0	0	0	0	0	0	0	0	0	0	0	0	0	0	0	0	0	0	0	0	0	0	0	0	0	0	0	0	0	0	0	0	0	0	0	0	0	0	0	0	0	0	0	0	0	0	0	0	0	0	0	0	0	0	0	0	0	0	0	0	0	0	0	0	0	0	0	0	0	0	0	0	0	0	0	0	0	0	0	0	0	0	0	0	0	0	0	0	0	0	0	0	0	0	0	0	0	0	0	0	0	0	0	0	0	0	0	0	0	0	0	0	0	0	1	0	0	0	0	0	0	0	0	0	0	0	0	0	0	0	0	0	0	0	0	0	0	0	0	0	0	0	0	0	0	0	0	0	0	0	0	0	0	0	0	0	0	0	0	0	0	0	0	0	0	0	0	0	0	0	0	0	0	0	0	0	0	0	0	0	0	0	0	0	0	0	0	0	0	0	0	0	0	0	0	0	0	0	0	0	0	0	0	0	0	0	0	0	0	0	0	0	0	0	0	0	0	0	0	0	0	0	0	0	0	0	0	0	0	0	0	0	0	0	0	0	0	0	0	0	0	0	0	0	0	0	0	0	0	0	0	0	0	0	0	0	0	0	0	0	0	0	0	0	1	0	0	0	0	0	0	0	0	0	0	0	0	0	0	0	0	0	0	0	0	0	0	0	0	0	0	0	0	0	0	0	0	0	0	0	0	0	0	0	0	0	0	0	0	0	0	0	0	0	0	0	0	0	0	0	0	0	0	0	0	0	0	0	0	0	0	0	0	0	0	0	0	0	0	0	0	0	0	0	0	0	0	0	0	0	0	0	0	0	0	0	0	0	0	0	0	0	0	0	0	0	0	0	0	0	0	0	0	0	0	0	0	0	0	0	0	0	0	0	0	0	0	0	0	0	0	0	0	0	0	0	0	0	0	0	0	0	0	0	0	0	0	0	0	0	0	0	0	0	0	0	0	0	0	0	0	0	0	0	0	0	0	0	0	0	0	0	0	0	0	0	0	0	0	0	0	0	0	0	0	0	0	0	0	0	0	0	0	0	0	0	0	0	0	0	0	0	0	0	0	0	0	0	0	0	0	0	0	0	0	0	0	0	0	0	0	0	0	0	0	0	0	0	0	0	0	0	0	0	0	0	0	0	0	0	0	0	0	0	0	0	0	0	0	0	0	0	0	0	0	0	0	0	0	0	0	0	0	0	0	0	0	0	0	0	0	0	0	0	0	0	0	0	0	0	0	0	0	0	0	0	0	0	0	0	0	0	0	0	0	0	0	0	0	0	0	0	0	0	0	0	0	0	0	0	0	0	0	0	0	0	0	0	0	0	0	0	0	0	0	0	0	0	0	0	0	0	0	0	0	0	0	0	0	0	0	0	0	0	0	0	0	0	0	0	0	0	0	0	0	0	0	0	0	0	0	0	0	0	0	0	0	0	0	0	0	0	0	0	0	0	0	0	0	0	0	0	0	0	0	0	0	0	0	0	0	0	0	0	0	0	0	0	0	0	0	0	0	0	0	0	0	0	0	0	0	0	0	0	0	0	0	0	0	0	0	0	0	0	0	0	0	0	0	0	0	0	0	0	0	0	0	0	0	0	0	0	0	0	0	0	0	0	0	0	0	0	0	0	0	0	0	0	0	0	0	0	0	0	0	0	0	0	0	0	0	0	0	0	0	0	0	0	0	0	0	0	0	0	0	0	0	0	0	0	0	0	0	0	0	0	0	0	0	0	0	0	0	0	0	0	0
Bacteria	Candidatus_Berkelbacteria	0	0	0	0	0	0	0	0	0	0	0	0	0	0	0	0	0	0	0	0	0	0	0	0	0	0	0	0	0	0	0	0	0	0	0	0	0	0	0	0	0	0	0	0	0	0	0	0	0	0	0	0	0	0	0	0	0	0	0	0	0	0	0	0	0	0	0	0	0	0	0	0	0	0	0	0	0	0	0	0	0	0	0	0	0	0	0	0	0	0	0	0	0	0	0	0	0	0	0	0	0	0	0	0	0	0	0	0	0	0	0	0	0	0	0	0	0	0	0	0	0	0	0	0	0	0	0	0	0	0	0	0	0	0	0	0	0	0	0	0	0	0	0	0	0	0	0	0	0	0	0	0	0	0	0	0	0	0	0	0	0	0	0	0	0	0	0	0	0	0	0	0	0	0	0	0	0	0	0	0	0	0	0	0	0	0	0	0	0	0	0	0	1	0	0	0	0	0	0	0	0	0	0	0	0	0	0	0	0	0	0	0	0	0	0	0	0	0	0	0	0	0	0	0	0	0	0	0	0	0	0	0	0	0	0	0	0	0	0	0	0	0	0	0	0	0	0	0	0	0	0	0	0	0	0	0	0	0	0	0	0	0	0	0	0	0	0	0	0	0	0	0	0	0	0	0	0	0	0	0	0	0	0	0	0	0	0	0	0	0	0	0	0	0	0	0	0	0	0	0	0	0	0	0	0	0	0	0	0	0	0	0	0	0	0	0	0	0	0	0	0	0	0	0	0	0	0	0	0	0	0	0	0	0	0	0	0	0	0	0	0	0	0	0	0	0	0	0	0	0	0	0	0	0	0	0	0	0	0	0	0	0	0	0	0	0	0	0	0	0	0	0	0	0	0	0	0	0	0	0	0	0	0	0	0	0	0	0	0	0	0	0	0	0	0	0	0	0	0	0	0	0	0	0	0	0	0	0	0	0	0	0	0	0	0	0	0	0	0	0	0	0	0	0	0	0	0	0	0	0	0	0	0	0	0	0	0	0	0	0	0	0	0	0	0	0	0	0	0	0	0	0	0	0	0	0	0	0	0	0	0	0	0	0	0	0	0	0	0	0	0	0	0	0	0	0	0	0	0	0	0	0	0	0	0	0	0	0	0	0	0	0	0	0	0	0	0	0	0	0	1	0	0	0	0	0	0	0	0	0	0	0	0	0	0	0	0	0	0	0	0	0	0	0	0	0	0	0	0	0	0	0	0	0	0	0	0	0	0	0	0	0	0	0	0	0	0	0	0	0	0	0	0	0	0	0	0	0	0	0	0	0	0	0	0	0	0	0	0	0	0	0	0	0	0	0	0	0	0	0	0	0	0	0	0	0	0	0	0	0	0	0	0	0	0	0	0	0	0	0	0	0	0	0	0	0	0	0	0	0	0	0	0	0	0	0	0	0	0	0	0	0	0	0	0	0	0	0	0	0	0	0	0	0	0	0	0	0	0	0	0	0	0	0	0	0	0	0	0	0	0	0	0	0	0	0	0	0	0	0	0	0	0	0	0	0	0	0	0	0	0	0	0	0	0	0	0	0	0	0	0	0	0	0	0	0	0	0	0	0	0	0	0	0	0	0	0	0	0	0	0	0	0	0	0	0	0	0	0	0	0	0	0	0	0	0	0	0	0	0	0	0	0	0	0	0	0	0	0	0	0	0	0	0	0	0	0	0	0	0	0	0	0	0	0	0	0	0	0	0	0	0	0	0	0	0	0	0	0	0	0	0	0	0	0	0	0	0	0	0	0	0	0	0	0	0	0	0	0	0	0	0	0	0	0	0	0	0	0	0	0	0	0	0	0	0	0	0	0	0	0	0	0	0	0	0	0	0	0	0	0	0	0	0	0	0	0	0	0	0	0	0	0	0	0	0	0	0	0	0	0	0	0	0	0	0	0	0	0	0	0	0	0	0	0	0	0	0	0	0	0	0	0	0	0	0	0	0	0	0	0	0	0	0	0	0	0	0	0	0	0	0	0	0	0	0	0	0	0	0	0	0	0	0	0	0	0	0	0	0	0	0	0	0	0	0	0	0	0	0	0	0	0	0	0	0	0	0	0	0	0	0	0	0	0	0	0	0	0	0	0	0	0	0	0	0	0	0	0	0	0	0	0	0	0	0	0	0	0	0	0	0	0	0	0	0	0	0	0	0	0	0	0	0	0	0	0	0	0	0	0	0	0	0	0	0	0	0	0	0	0	0	0	0	0	0	0	0	0	0	0	0	0	0	0	0	0	0	0	0	0	0	0	0	0	0	0	0	0	0	0	0	0	0	0	0	0	0	0	0	0	0	0	0	0	0	0	0	0	0	0	0	0	0	0	0	0	0	0	0	0	0	0	0	0	0	0	0	0	0	0	0	0	0	0	0	0	0	0	0	0	0	0	0	0	0	0	0	0	0	0	0	0	0	0	0	0	0	0	0	0	0	0	0	0	0	0	0	0	0	0	0	0	0	0	0	0	0	0	0	0	0	0	0	0	0	0	0	0	0	0	0	0	0	0	0	0	0	0	0	0	0	0	0	0	0	0	0	0	0	0	0	0	0	0	0	0	0	0	0	0	0	0	0	0	0	0	0	0	0	0	0	0	0	0	0	0	0	0	0	0	0	0	0	0	0	0	0	0	0	0	0	0	0	0	0	0	0	0
Bacteria	Candidatus_Falkowbacteria	0	0	0	0	0	0	0	0	0	0	0	0	0	0	0	0	0	0	0	0	0	0	0	0	0	0	0	0	0	0	0	0	0	0	0	0	0	0	0	0	0	0	0	0	0	0	1	0	0	0	0	0	0	0	0	0	0	0	0	0	0	0	0	0	0	0	0	0	0	0	0	0	0	0	0	0	0	0	0	0	0	0	0	0	0	0	0	0	0	0	0	0	0	0	0	0	0	0	0	0	0	0	0	0	0	0	0	0	0	0	0	0	0	0	0	0	0	0	0	0	0	0	0	0	0	0	0	0	0	0	0	0	0	0	0	0	0	0	0	0	0	0	0	0	0	0	0	0	0	0	0	0	0	0	0	0	0	0	0	0	0	0	0	0	0	0	0	0	0	0	0	0	0	0	0	0	0	0	0	0	0	0	0	0	0	0	0	0	0	0	0	0	0	0	0	0	0	0	0	0	0	0	0	0	0	0	0	0	0	0	0	0	0	0	0	0	0	0	0	0	0	0	0	0	0	0	0	0	0	0	0	0	0	0	0	0	0	0	0	0	0	0	0	0	0	0	0	0	0	0	0	0	0	0	0	0	0	0	0	0	0	0	0	0	0	0	0	0	0	0	0	0	0	0	0	0	0	0	0	0	0	0	0	0	0	0	0	0	0	0	0	0	0	0	0	0	0	0	0	0	0	0	0	0	0	0	0	0	0	0	0	0	0	0	0	0	0	0	0	0	0	0	0	0	0	0	0	0	0	0	0	0	0	0	0	0	0	0	0	0	0	0	0	0	0	0	0	0	0	0	0	0	0	0	0	0	0	0	0	0	0	0	0	0	0	0	0	0	0	0	0	0	0	0	0	0	0	0	0	0	0	0	0	0	0	0	0	0	0	0	0	0	0	0	0	0	0	0	0	0	0	0	0	0	0	0	0	0	0	0	0	0	0	0	0	0	0	0	0	0	0	0	0	0	0	0	0	0	0	0	0	0	0	0	0	0	0	0	0	0	0	0	0	0	0	0	0	0	0	0	0	0	0	0	0	0	0	0	0	0	0	0	0	0	0	0	0	0	0	0	0	0	0	0	0	0	0	0	0	0	0	0	0	0	0	0	0	0	0	0	0	0	0	0	0	0	0	0	0	0	0	0	0	0	0	0	0	0	0	0	0	0	0	0	0	0	0	0	0	0	0	0	0	0	0	0	0	0	0	0	0	0	0	0	0	0	0	0	0	0	0	0	0	0	0	0	0	0	0	0	0	0	0	0	0	0	0	0	0	0	0	0	0	0	0	0	0	0	0	0	0	0	0	0	0	0	0	0	0	0	0	0	0	0	0	0	0	0	0	0	0	0	0	0	0	0	0	0	0	0	0	0	0	0	0	0	0	0	0	0	0	0	0	0	0	0	0	0	0	0	0	0	0	0	0	0	0	0	0	0	0	0	0	0	0	0	0	0	0	0	0	0	0	0	0	0	0	0	0	0	0	0	0	0	0	0	0	0	0	0	0	0	0	0	0	0	0	0	0	0	0	0	0	0	0	0	0	0	0	0	0	0	0	0	0	0	0	0	0	0	0	0	0	0	0	0	0	0	0	0	0	0	0	0	0	0	0	0	0	0	0	0	0	0	0	0	0	0	0	0	0	0	0	0	0	0	0	0	0	0	0	0	0	0	0	0	0	0	0	0	0	0	0	0	0	0	0	0	0	0	0	0	0	0	0	0	0	0	0	0	0	0	0	0	0	0	0	0	0	0	0	0	0	0	0	0	0	0	0	0	0	0	0	0	0	0	0	0	0	0	0	0	0	0	0	0	0	0	0	0	0	0	0	0	0	0	0	0	0	0	0	0	0	0	0	0	0	0	0	0	0	0	0	0	0	0	0	0	0	0	0	0	0	0	0	0	0	0	0	0	0	0	0	0	0	0	0	0	0	0	0	0	0	0	0	0	0	0	0	0	0	0	0	0	0	0	0	0	0	0	0	0	0	0	0	0	0	0	0	0	0	0	0	0	0	0	0	0	0	0	0	0	0	0	0	0	0	0	0	0	0	0	0	0	0	0	0	0	0	0	0	0	0	0	0	0	0	0	0	0	0	0	0	0	0	0	0	0	0	0	0	0	0	0	0	0	0	0	0	0	0	0	0	0	0	0	0	0	0	0	0	0	0	0	0	0	0	0	0	0	0	0	0	0	0	0	0	0	0	0	0	0	0	0	0	0	0	0	0	0	0	0	0	0	0	0	0	0	0	0	0	0	0	0	0	0	0	0	0	0	0	0	0	0	0	0	0	0	0	0	0	0	0	0	0	0	0	0	0	0	0	0	0	0	0	0	0	0	0	0	0	0	0	0	0	0	0	0	0	0	0	0	0	0	0	0	0	0	0	0	0	0	0	0	0	0	0	0	0	0	0	0	0	0	0	0	0	0	0	0	0	0	0	0	0	0	0	0	0	0	0	0	0	0	0	0	0	0	0	0	0	0	0	0	0	0	0	0	0	0	0	0	0	0	0	0	0	0	0	0	0	0	0	0	0	0	0	0	0	0	0	0	0	0	0	0	0	0	0	0	0	0	0	0	0	0	0	0	0	0	0	0	0	0	0	0	0	0	0	0	0	0	0	0	0	0	0	0	0	0	0	0	0	0	0	0	0	0	0
Bacteria	Candidatus_Gracilibacteria	1	3	0	5	0	0	0	0	0	0	0	0	0	0	0	0	1	0	0	9	0	0	0	0	0	0	0	0	0	0	0	0	0	0	0	11	0	0	0	4	0	0	0	0	0	0	0	0	1	3	0	0	0	0	0	0	0	0	0	0	0	0	0	0	0	19	0	0	0	0	0	13	5	0	0	0	0	0	0	1	1	0	0	0	0	0	0	2	0	0	1	0	0	0	0	0	0	0	0	0	0	4	0	0	0	0	0	1	2	0	0	0	0	0	0	0	0	1	0	0	0	0	0	0	0	0	0	0	0	0	1	1	0	0	0	0	0	0	0	0	0	0	0	0	1	0	0	0	0	0	4	8	0	0	0	0	0	0	1	0	0	1	0	0	0	0	0	0	1	0	0	2	0	25	0	0	0	9	0	0	0	5	0	0	0	0	0	1	28	1	0	0	31	0	0	0	0	0	0	0	3	0	4	0	6	0	1	0	1	0	0	1	0	2	0	0	0	0	1	0	0	1	0	0	0	0	1	0	0	0	0	1	18	0	1	0	0	0	0	0	0	1	1	1	0	1	1	0	0	0	0	0	2	0	0	0	0	48	2	0	8	0	0	2	0	0	0	2	0	0	0	0	0	0	0	0	0	0	0	0	5	0	93	0	0	0	0	9	1	0	0	2	0	1	0	0	0	0	0	0	0	6	8	0	0	0	0	0	3	6	0	0	1	5	0	0	2	0	3	0	0	0	0	0	6	0	0	0	0	0	0	0	0	0	0	9	0	0	0	8	0	0	0	0	0	3	0	0	6	0	1	0	0	0	0	0	2	0	3	0	1	0	1	0	0	0	0	0	0	0	0	0	0	0	0	0	0	0	5	1	1	0	0	1	0	0	0	2	0	0	1	0	0	0	0	0	0	0	2	0	0	0	0	0	1	1	0	0	0	0	0	0	0	0	0	0	0	0	0	0	0	0	0	0	1	0	0	0	0	0	0	1	1	0	0	0	1	5	0	1	0	0	0	0	3	1	0	0	0	6	1	0	0	0	0	0	0	2	0	0	0	0	0	0	0	0	0	0	0	26	0	1	0	0	2	0	0	0	0	0	0	0	0	0	0	0	0	0	3	0	0	0	0	0	0	0	0	0	0	0	0	1	0	0	0	1	0	0	0	1	0	0	2	5	4	1	0	0	0	0	0	0	0	0	0	3	20	0	0	0	0	0	0	0	0	0	0	0	0	0	0	1	0	0	0	0	3	0	0	0	0	0	13	0	0	1	66	0	2	0	2	0	0	0	0	5	0	0	0	0	7	1	1	0	0	0	0	1	0	0	5	0	0	0	0	1	4	0	0	0	0	0	0	0	0	2	0	0	0	0	8	0	0	0	15	0	0	0	0	0	0	0	0	6	17	6	0	0	0	0	1	0	5	0	0	0	0	0	0	0	0	0	0	0	0	0	0	4	0	0	0	1	0	0	1	5	0	0	0	0	0	16	0	1	7	0	0	0	0	0	73	9	0	0	0	0	0	9	0	0	0	2	0	0	42	1	0	1	0	20	1	0	0	0	2	0	0	1	0	0	0	1	0	0	0	0	0	2	0	0	12	0	1	4	0	2	9	2	0	2	0	2	0	0	0	0	2	0	0	1	1	0	0	0	0	5	0	128	0	7	2	0	0	0	0	0	3	2	55	3	0	1	2	0	0	0	0	1	1	13	3	2	0	2	0	0	0	8	0	0	0	2	8	0	0	0	1	0	0	1	0	0	4	0	1	0	0	0	1	0	1	0	12	0	0	0	2	0	0	0	4	0	1	0	0	0	3	0	17	0	0	5	0	0	0	0	1	0	0	0	0	0	1	0	0	1	0	0	0	0	0	2	0	0	0	0	0	0	0	0	3	0	0	2	17	0	1	0	0	0	0	0	0	0	1	0	0	0	0	0	1	0	0	0	0	0	0	0	0	1	0	0	0	12	0	0	1	0	0	0	0	0	0	0	0	1	0	0	0	1	0	0	1	0	0	0	0	0	4	0	0	0	0	0	0	0	0	0	0	1	0	0	0	0	0	0	0	0	0	0	0	0	1	0	0	0	0	0	0	1	1	1	0	0	0	0	2	3	0	0	0	2	0	0	0	4	0	0	0	1	0	0	52	0	0	0	0	0	0	0	0	0	0	0	0	0	0	0	0	0	0	0	3	1	4	0	0	0	2	0	0	0	0	0	0	0	3	0	0	0	0	0	3	0	1	0	1	0	1	0	3	2	0	0	0	0	0	0	0	1	0	0	0	0	0	0	0	0	0	0	0	2	1	1	0	3	0	0	0	0	0	0	0	0	5	0	0	2	0	0	0	0	7	0	0	0	0	0	0	0	0	1	0	0	2	0	0	0	6	2	0	0	0	0	0	0	0	3	0	2	0	0	3	1	0	0	0	0	240	0	0	0	0	0	1	0	0	0	0	0	0	0	0	0	0	0	0	0	0	0	1	0	3	0	0	0	0	0	0	0	0	0	1	0	0	1	0	0	0	1	0	0	0	0	0	0	0	0	0	0	0	0	0	1	0	56	3	2	0	0	0	0	0	0	0	0	0	0	0	0	0	0	0	1	0	0	0	0	0	1	0	0	0	0	4	0	0	0	0	1	0	0	4	5	0	0	0	1	0
Bacteria	Candidatus_Hydrogenedentes	0	0	0	0	0	0	0	0	0	0	0	0	0	0	0	0	0	0	0	0	0	0	0	0	0	0	0	0	0	0	0	0	0	0	0	0	0	0	0	0	0	0	0	0	0	0	0	0	0	0	0	0	0	0	0	0	0	0	0	0	0	0	0	0	0	0	0	0	0	0	0	0	0	0	0	0	0	0	0	0	0	0	0	0	0	0	0	0	0	0	0	0	0	0	0	0	0	0	0	0	0	0	0	0	0	0	0	0	0	0	0	0	0	0	0	0	0	0	0	0	0	0	0	0	0	0	0	0	0	0	0	0	0	0	0	0	0	0	0	0	0	0	0	0	0	0	0	0	0	0	0	0	0	0	0	0	0	0	0	0	0	0	0	0	0	0	0	0	0	0	0	0	0	0	0	0	0	0	0	0	0	0	0	0	0	0	0	0	0	0	0	0	0	0	0	0	0	0	0	0	0	0	0	0	0	0	0	0	0	0	0	0	0	0	0	0	0	0	0	0	0	0	0	0	0	0	0	0	0	0	0	0	2	0	0	0	0	0	0	0	0	0	0	0	0	0	0	0	0	0	0	0	0	0	0	0	0	0	0	0	0	0	0	0	0	0	0	0	0	0	0	0	0	0	0	0	0	0	0	0	0	0	0	0	0	0	0	0	0	0	0	0	0	0	0	0	0	0	0	0	0	0	0	0	0	0	0	0	0	0	0	0	0	0	0	0	0	0	0	0	0	0	0	0	0	0	0	0	0	0	0	0	0	0	0	0	0	0	0	0	0	0	0	0	0	0	0	0	0	0	0	0	0	0	0	0	0	0	0	0	0	0	0	0	0	0	0	0	0	0	0	0	0	0	0	0	0	0	0	0	0	0	0	0	0	0	0	0	0	0	0	0	0	0	0	0	0	0	0	0	0	0	0	0	0	0	0	0	0	0	0	0	0	0	0	0	0	0	0	0	0	0	0	0	0	0	0	0	0	0	0	0	0	0	0	0	0	0	0	0	0	0	0	0	0	0	0	0	0	0	0	0	0	0	0	0	0	0	0	0	0	0	0	0	0	0	0	0	0	0	0	0	0	0	0	0	0	0	0	0	0	0	0	0	0	0	0	0	0	0	0	0	0	0	0	0	0	0	0	0	0	0	0	0	0	0	0	0	0	0	0	0	0	0	0	0	0	0	0	0	0	0	0	0	0	0	0	0	0	0	0	0	0	0	0	0	0	0	0	0	0	0	0	0	0	0	0	0	0	0	0	0	0	0	0	0	0	0	0	0	0	0	0	0	0	0	0	0	0	0	0	0	0	0	0	0	0	0	0	0	0	0	0	0	0	0	0	0	0	0	0	0	0	0	0	0	0	0	0	0	0	0	0	0	0	0	0	0	0	0	0	0	0	0	0	0	0	0	0	0	0	0	0	0	0	0	0	0	0	0	0	0	0	0	0	0	0	0	0	0	0	0	0	0	0	0	0	0	0	0	0	0	0	0	0	0	0	0	0	0	0	0	0	0	0	0	0	0	0	0	0	0	0	0	0	0	0	0	0	0	0	0	0	0	0	0	0	0	0	0	0	0	0	0	0	0	0	0	0	0	0	0	0	0	0	0	0	0	0	0	0	0	0	0	0	0	0	0	0	0	0	0	0	0	0	0	0	0	0	0	0	0	0	0	0	0	0	0	0	0	0	0	0	0	0	0	0	0	0	0	0	0	0	0	0	0	0	0	0	0	0	0	0	0	0	0	0	0	0	0	0	0	0	0	0	0	0	0	0	0	0	0	0	0	0	0	0	0	0	0	0	0	0	0	0	0	0	0	0	0	0	0	0	0	0	0	0	0	0	0	0	0	0	0	0	0	0	0	0	0	0	0	0	0	0	0	0	0	0	0	0	0	0	0	0	0	0	0	0	0	0	0	0	0	0	0	0	0	0	0	0	0	0	0	0	0	0	0	0	0	0	0	0	0	0	0	0	0	0	0	0	0	0	0	0	0	0	0	0	0	0	0	0	0	0	0	0	0	0	0	0	0	0	0	0	0	0	0	0	0	0	0	0	0	0	0	0	0	0	0	0	0	0	0	0	0	0	0	0	0	0	0	0	0	0	0	0	0	0	0	0	0	0	0	0	0	0	0	0	0	0	0	0	0	0	0	0	0	0	0	0	0	0	0	0	0	0	0	0	0	0	0	0	0	0	0	0	0	0	0	0	0	0	0	0	0	0	0	0	0	0	0	0	0	0	0	0	0	0	0	0	0	0	0	0	0	0	0	0	0	0	0	0	0	0	0	0	0	0	0	0	0	0	0	0	0	0	0	0	0	0	0	0	0	0	0	0	0	0	0	0	0	0	0	0	0	0	0	0	0	0	0	0	0	0	0	0	0	0	0	0	0	0	0	0	0	0	0	0	0	0	0	0	0	0	0	0	0	0	0	0	0	0	0	0	0	0	0	0	0	0	0	0	0	0	0	0	0	0	0	0	0	0	0	0	0	0	0	0	0	0	0	0	0	0	0	0	0	0	0	0	0	0	0	0	0	0	0	0	0	0	0	0	0	0	0	0	0	0	0	0	0	0	0	0	0	0	0	0	0	0	0	0	0	0	0	0	0	0	0	0	0	0	0	0	0	0	0	0	0	0	0	0	0	0	0	0	0	0
Bacteria	Candidatus_Kaiserbacteria	0	0	0	0	0	0	0	0	0	0	0	0	0	0	0	0	0	0	0	0	0	0	0	0	0	0	0	0	0	0	0	0	0	0	0	0	0	0	0	0	0	0	0	0	0	0	0	0	0	0	0	0	0	0	0	0	0	0	0	0	0	0	0	0	0	0	0	0	0	0	0	0	0	0	0	0	0	0	0	0	0	0	0	0	0	0	0	0	0	0	0	0	0	0	0	0	0	0	0	0	0	0	0	0	0	0	0	0	0	0	0	0	0	0	0	0	0	0	0	0	0	0	0	0	0	0	0	0	0	0	0	0	0	0	0	0	0	0	0	0	0	0	0	0	0	0	0	0	0	0	0	0	0	0	0	0	0	0	0	0	0	0	0	0	0	0	0	0	0	0	0	0	0	0	0	0	0	0	0	0	0	0	0	0	0	0	0	0	0	0	0	0	0	0	0	0	0	0	0	0	0	0	0	0	0	0	0	0	0	0	0	0	0	0	0	0	0	0	0	0	0	0	0	0	0	0	0	0	0	0	0	0	0	0	0	0	0	0	0	0	0	0	0	0	0	0	0	0	0	0	0	0	0	0	0	0	0	0	0	0	0	0	0	0	0	0	0	0	0	0	0	0	0	0	0	0	0	0	0	0	0	0	0	0	0	0	1	0	0	0	0	0	0	0	0	0	0	0	0	0	0	0	0	0	0	0	0	0	0	0	0	0	0	0	0	0	0	0	0	0	0	0	0	0	0	0	0	0	0	0	0	0	0	0	0	0	0	0	0	0	0	0	0	0	0	0	0	0	0	0	0	0	0	0	0	0	0	0	0	0	0	0	0	0	0	0	0	0	0	0	0	0	0	0	0	0	0	0	0	0	0	0	0	0	0	0	0	0	0	0	0	0	0	0	0	0	0	0	0	0	0	0	0	0	0	0	0	0	0	0	0	0	0	0	0	0	0	0	0	0	0	0	0	0	0	0	0	0	0	0	0	0	0	0	0	0	0	0	0	0	0	0	0	0	0	0	0	0	0	0	0	0	0	0	0	0	0	0	0	0	0	0	0	0	0	0	0	0	0	0	0	0	0	0	0	0	0	0	0	0	0	0	0	0	0	1	0	0	0	0	0	0	0	0	0	0	0	0	0	0	0	0	0	0	0	0	0	0	0	0	0	0	0	0	0	0	0	0	0	0	0	0	0	0	0	0	0	0	0	0	0	0	0	0	0	0	0	0	0	0	0	0	0	0	0	0	0	0	0	0	0	0	0	0	0	0	0	0	0	0	0	0	0	0	0	0	0	0	0	0	0	0	0	0	0	0	0	0	0	0	0	0	0	0	0	0	0	0	0	0	0	0	0	0	0	0	0	0	0	0	0	0	0	0	0	0	0	0	0	0	0	0	0	0	0	2	0	0	0	0	0	0	0	0	0	0	0	0	0	0	0	0	0	0	0	0	0	0	0	0	0	0	0	0	0	0	0	0	0	0	0	0	0	0	0	0	0	0	0	0	0	0	0	0	0	0	0	0	0	0	0	0	0	0	0	0	0	0	0	0	0	0	0	0	1	0	0	0	0	0	0	0	0	0	0	0	0	0	0	0	0	0	0	0	0	0	0	0	0	0	0	0	0	0	0	0	0	0	0	0	0	0	0	0	0	1	0	0	0	0	0	0	0	0	0	0	0	0	0	0	0	0	0	0	0	0	0	0	0	0	0	0	0	0	0	0	0	0	0	0	0	0	0	0	0	0	0	0	0	0	0	0	0	0	0	0	0	0	0	0	0	0	0	0	0	0	0	0	0	0	0	0	0	0	0	0	0	0	0	0	0	0	0	0	0	0	0	0	0	0	0	0	0	0	0	0	0	0	0	0	0	0	0	0	0	0	0	0	0	0	0	0	0	0	0	0	0	0	0	0	0	0	0	0	0	0	0	0	0	0	0	0	0	0	0	0	0	0	0	0	0	0	0	0	0	0	0	0	0	0	0	0	0	0	0	0	0	0	0	0	0	0	0	0	0	0	0	0	0	0	0	0	0	0	0	0	0	0	0	0	0	0	0	0	0	0	0	0	0	0	0	0	0	0	0	0	0	0	0	0	0	0	0	0	0	0	0	0	0	0	0	0	0	0	0	0	0	0	0	0	0	0	0	0	0	0	0	0	0	0	0	0	0	0	0	0	0	0	0	0	0	0	0	0	0	0	0	0	0	0	0	0	0	0	0	0	0	0	0	0	0	0	0	0	0	0	0	0	0	0	0	0	0	0	0	0	0	0	0	0	0	0	0	0	0	0	0	0	0	0	0	0	0	0	0	0	0	0	0	0	0	0	0	0	0	0	0	0	0	0	0	0	0	0	0	0	0	0	0	0	0	0	0	0	0	0	0	0	0	0	0	0	0	0	0	0	0	0	0	0	0	0	0	0	0	0	0	0	0	0	0	0	0	0	0	0	0	0	0	0	0	0	0	0	0	0	0	0	0	0	0	0	0	0	0	0	0	0	0	0	0	0	0	0	0	0	0	0	0	0	0	0	0	0	0	0	0	0	0	0	0	0	0	0	0	0	0	0	0	0	0	0	0	0	0	0	0	0	0	0	0	0	0	0	0	0	0	0	0	0	0	0	0	0	0	0	0	0	0	0	0	0	0	0	0	0	0	0	0
Bacteria	Candidatus_Kerfeldbacteria	0	0	0	0	0	0	0	0	0	0	0	0	0	0	0	0	0	0	0	0	0	0	0	0	0	0	0	0	0	0	0	0	0	0	0	0	0	0	0	0	0	0	0	0	0	0	0	0	0	0	0	0	0	0	0	0	0	0	0	0	0	0	0	0	0	0	0	0	0	0	0	0	0	0	0	0	0	0	0	0	0	0	0	0	0	0	0	0	1	0	0	0	0	0	0	0	0	0	0	0	0	0	0	0	0	0	0	0	0	0	0	0	0	0	0	0	0	0	0	0	0	0	0	0	0	0	0	0	0	0	0	0	0	0	0	0	0	0	0	0	0	0	0	0	0	0	0	0	0	0	0	0	0	0	0	0	0	0	0	0	0	0	0	0	0	0	0	0	0	0	0	0	0	0	0	0	0	0	0	0	0	0	0	0	0	0	0	0	0	0	0	0	0	0	0	0	0	0	0	0	0	0	0	0	0	0	0	0	0	0	0	0	0	0	0	0	0	0	0	0	0	0	0	0	0	0	0	0	0	0	0	0	0	0	0	0	0	0	0	0	0	0	0	0	0	0	0	0	0	0	0	0	0	0	0	0	0	0	0	0	0	0	0	0	0	0	0	0	0	0	0	0	0	0	0	0	0	0	0	0	0	0	0	0	0	0	0	0	0	0	0	0	0	0	0	0	0	0	0	0	0	0	0	0	0	0	0	0	0	0	0	0	0	0	0	0	0	0	0	0	0	0	0	0	0	0	0	0	0	0	0	0	0	0	0	0	0	0	0	1	0	0	0	0	0	0	0	0	0	0	0	0	0	0	0	0	0	0	0	0	0	0	0	0	0	0	0	0	0	0	0	0	0	0	0	0	0	0	0	0	0	0	0	0	0	0	0	0	0	0	0	0	0	0	0	0	0	0	0	0	0	0	0	0	0	0	0	0	0	0	0	0	0	0	0	0	0	0	0	0	0	0	0	0	0	0	0	0	0	0	0	0	0	0	0	0	0	0	0	0	0	0	0	0	0	0	0	0	0	0	0	0	0	0	0	0	0	0	0	0	0	0	0	0	0	0	0	0	0	0	0	0	0	0	0	0	0	0	0	0	0	0	0	0	0	0	0	0	0	0	0	0	0	0	0	0	0	0	0	0	0	0	0	0	0	0	0	0	0	0	0	0	0	0	0	0	0	0	0	0	0	0	0	0	0	0	0	0	0	0	0	0	0	0	0	0	0	0	0	0	0	0	0	0	0	0	0	0	0	0	0	0	0	0	0	0	0	0	0	0	0	0	0	0	0	0	0	0	0	0	0	0	0	0	0	0	0	0	0	0	0	0	0	0	0	0	0	0	0	0	0	0	0	0	0	0	0	0	0	0	0	0	0	0	0	0	0	0	0	0	0	0	0	0	0	0	0	0	0	0	0	0	0	0	0	0	0	0	0	0	0	0	0	0	0	0	0	0	0	0	0	0	0	0	0	0	0	0	0	0	0	0	0	0	0	0	0	0	0	0	0	0	0	0	0	0	0	0	0	0	0	0	0	0	0	0	0	0	0	0	0	0	0	0	0	0	0	0	0	0	0	0	0	0	0	0	0	0	0	0	0	0	0	0	0	0	0	0	0	0	0	0	0	2	0	0	1	0	0	0	0	0	0	0	0	1	0	0	0	0	0	0	1	0	0	0	0	0	0	0	0	0	0	0	0	0	0	0	0	0	0	0	0	0	0	0	0	0	0	0	0	0	0	0	0	0	0	0	0	0	0	0	0	0	0	0	0	0	0	0	0	0	0	0	0	0	0	0	0	0	0	0	0	0	0	0	0	0	0	0	0	0	0	0	0	0	0	0	0	0	0	0	0	0	0	0	0	0	0	0	0	0	0	0	0	0	0	0	0	0	0	0	0	0	0	0	0	0	0	1	0	0	0	0	1	0	0	0	0	0	0	0	0	0	0	0	0	0	0	0	0	0	0	0	0	0	0	0	0	0	0	0	0	0	0	0	0	0	0	0	0	0	0	0	0	0	0	0	0	0	0	0	0	0	0	0	0	0	0	0	0	0	0	0	0	0	0	0	0	0	0	0	0	0	0	0	0	0	0	0	0	0	0	0	0	0	0	0	0	0	0	0	0	0	0	0	0	0	0	0	0	0	0	0	0	0	0	0	0	0	0	0	0	0	0	0	0	0	0	0	0	0	0	0	0	0	0	0	0	0	0	0	0	0	0	0	0	0	0	0	0	0	0	0	0	0	0	0	0	0	0	0	0	0	0	0	0	0	0	0	0	0	0	0	0	0	0	0	0	0	0	0	0	0	0	0	0	0	0	0	0	0	0	0	0	0	0	0	0	0	0	0	0	0	0	0	0	0	0	0	0	0	0	0	0	0	0	0	0	0	0	0	0	0	0	0	0	0	0	0	0	0	0	0	0	0	0	0	0	0	0	0	0	0	0	0	0	0	0	0	0	0	0	0	0	0	0	0	0	0	2	0	0	0	0	0	0	0	0	0	0	0	0	0	0	0	0	0	2	0	0	0	0	0	0	0	0	0	0	0	0	0	0	0	0	0	0	0	0	0	0	0	0	0	0	0	0	0	0	0	0	0	0	0	0	0	0	0	0	0	0	0	0	0	0	0	0	0	0	0	0	0	0	0	0	0	0	0	0
Bacteria	Candidatus_Komeilibacteria	0	0	0	0	0	0	0	0	0	0	0	0	0	0	0	0	0	0	0	0	0	0	0	0	0	0	0	0	0	0	0	0	0	0	0	0	0	0	0	0	0	0	0	0	0	0	0	0	0	0	0	0	0	0	0	0	0	0	0	0	0	0	0	0	0	0	0	0	0	0	0	0	0	0	0	0	0	0	0	0	0	0	0	0	0	0	0	0	0	0	0	0	0	0	0	0	0	0	0	0	0	0	0	0	0	0	0	0	0	0	0	0	0	0	0	0	0	0	0	0	0	0	0	0	0	0	0	0	0	0	0	0	0	0	0	0	0	0	0	0	0	0	0	0	0	0	0	0	0	0	0	0	0	0	0	0	0	0	0	0	0	0	0	0	0	0	0	0	0	0	0	0	0	0	0	0	0	0	0	0	0	0	0	0	0	0	0	0	0	0	0	0	0	0	0	0	0	0	0	0	0	0	0	0	0	0	0	0	0	0	0	0	0	0	0	0	0	0	0	0	0	0	0	0	0	0	0	0	0	0	0	0	0	0	0	0	0	0	0	0	0	0	0	0	0	0	0	0	0	0	0	0	0	0	0	0	0	0	0	0	0	0	0	0	0	0	0	0	0	0	0	0	0	0	0	0	0	0	0	0	0	0	0	0	0	0	0	0	0	0	0	0	0	0	0	0	0	0	0	0	0	0	0	0	0	0	0	0	0	0	0	0	0	0	0	0	0	0	0	0	0	0	0	0	0	0	0	0	0	0	0	0	0	0	0	0	0	0	0	0	0	0	0	0	0	0	0	0	0	0	0	0	0	0	0	0	0	0	0	0	0	0	0	0	0	0	0	0	0	0	0	0	0	0	0	0	0	0	0	0	0	0	0	0	0	0	0	0	0	0	0	0	0	0	0	0	0	0	0	0	0	0	0	0	0	0	0	0	0	0	0	0	0	0	0	0	0	0	0	0	0	0	0	0	0	0	0	0	0	0	0	0	0	0	0	0	0	0	0	0	0	0	0	0	0	0	0	0	0	0	0	0	0	0	0	0	0	0	0	0	0	0	0	0	0	0	0	0	0	0	0	0	0	0	0	0	0	0	0	0	0	0	0	0	0	0	0	0	0	0	0	0	0	0	0	0	0	0	0	0	0	0	0	0	0	0	0	0	0	0	0	0	0	0	0	0	0	0	0	0	0	0	0	0	0	0	0	0	0	0	0	0	0	0	0	0	0	0	0	0	0	0	0	0	0	0	0	0	0	0	0	0	0	0	0	0	0	0	0	0	0	0	0	0	0	0	0	0	0	0	0	0	0	0	0	0	0	0	0	0	0	0	0	0	0	0	0	0	0	0	0	0	0	0	0	0	0	0	0	0	0	0	0	0	0	0	0	0	0	0	0	0	0	0	0	0	0	0	0	0	0	0	0	0	0	0	0	2	0	0	0	0	0	0	0	0	0	0	0	0	0	0	0	0	0	0	0	0	0	0	0	0	0	0	0	0	0	0	0	0	0	0	0	0	0	0	0	0	0	0	0	0	0	0	0	0	0	0	0	0	0	0	0	0	0	0	0	0	0	0	0	0	0	0	0	0	0	0	0	0	0	0	0	0	0	0	0	0	0	0	0	0	0	0	0	0	0	0	0	0	0	0	0	0	0	0	0	0	0	0	0	0	0	0	0	0	0	0	0	0	0	0	0	0	0	0	0	0	0	0	0	0	0	0	0	0	0	0	0	0	0	0	0	0	0	0	0	0	0	0	0	0	0	0	0	0	0	0	0	0	0	0	0	0	0	0	0	0	0	0	0	0	0	0	0	0	0	0	0	0	0	0	0	0	0	0	0	0	0	0	0	0	0	0	0	0	0	0	0	0	0	0	0	0	0	0	0	0	0	0	0	0	0	0	0	0	0	0	0	0	0	0	0	0	0	0	0	0	0	0	0	0	0	0	0	0	0	0	0	0	0	0	0	0	0	0	0	0	0	0	0	0	0	0	0	0	0	0	0	0	0	0	0	0	0	0	0	0	0	0	0	0	0	0	0	0	0	0	0	0	0	0	0	0	0	0	0	0	0	0	0	0	0	0	0	0	0	0	0	0	0	0	0	0	0	0	0	0	0	0	0	0	0	0	0	0	0	0	0	0	0	0	0	0	0	0	0	0	0	0	0	0	0	0	0	0	0	0	0	0	0	0	0	0	0	0	0	0	0	0	0	0	0	0	0	0	0	0	0	0	0	0	0	0	0	0	0	0	0	0	0	0	0	0	0	0	0	0	0	0	0	0	0	0	0	0	0	0	0	0	0	0	0	0	0	0	0	0	0	0	0	0	0	0	0	0	0	0	0	0	0	0	0	0	0	0	0	0	0	0	0	0	0	0	0	0	0	0	0	0	0	0	0	0	0	0	0	0	0	0	0	0	0	0	0	0	0	0	0	0	0	0	0	0	0	0	0	0	0	0	0	0	0	0	0	0	0	0	0	0	0	0	0	0	0	0	0	0	0	0	0	0	0	0	0	0	0	0	0	0	0	0	0	0	0	0	0	0	0	0	0	0	0	0	0	0	0	0	0	0	0	0	0	0	0	0	0	0	0	0	0	0	0	0	0	0	0	0	0	0	0	0	0	0	0	0	0	0	0	0	0	0	0	0	0	0	0	0	0
Bacteria	Candidatus_Kuenenbacteria	0	0	0	0	0	0	0	0	0	0	0	0	0	0	0	0	0	0	0	0	0	0	0	0	0	0	0	0	0	0	0	0	0	0	0	0	0	0	0	0	0	0	0	0	0	0	0	0	0	0	0	0	0	0	0	0	0	0	0	0	0	0	0	0	0	0	0	0	0	0	0	0	0	0	0	0	0	0	0	0	0	0	0	0	0	0	0	0	0	0	0	0	0	0	0	0	0	0	0	0	0	0	0	0	0	0	0	0	0	0	0	0	0	0	0	0	0	0	0	0	0	0	0	0	0	0	0	0	0	0	0	0	0	0	0	0	0	0	0	0	0	0	0	0	0	0	0	0	0	0	0	0	0	0	0	0	0	0	0	0	0	0	0	0	0	0	0	0	0	0	0	0	0	0	0	0	0	0	0	0	0	0	0	0	0	0	0	0	0	0	0	0	0	0	0	0	0	0	0	0	0	0	0	0	0	0	0	0	0	0	0	0	0	0	0	0	0	0	0	0	0	0	0	0	0	0	0	0	0	0	0	0	0	0	0	0	0	0	0	0	0	0	0	0	0	0	0	0	0	0	0	0	0	0	0	0	0	0	0	0	0	0	0	0	0	0	0	0	0	0	0	0	0	0	0	0	0	0	0	0	0	0	0	0	0	0	0	0	0	0	0	0	0	0	0	0	0	0	0	0	0	0	0	0	0	0	0	0	0	0	0	0	0	1	0	0	0	0	0	0	0	0	0	0	0	0	0	0	0	0	0	0	0	0	0	0	0	0	0	0	0	0	0	0	0	0	0	0	0	0	0	0	0	0	0	0	0	0	0	0	0	0	0	0	0	0	0	0	0	0	0	0	0	0	0	0	0	0	0	0	0	0	0	0	0	0	0	0	0	0	0	0	0	0	0	0	0	0	0	0	0	0	0	0	0	0	0	0	0	0	0	0	0	0	0	0	0	0	0	0	0	0	0	0	0	0	0	0	0	0	0	0	0	0	0	0	0	0	0	0	0	0	0	0	0	0	0	0	0	0	0	0	0	0	0	0	0	0	0	0	0	0	0	0	0	0	0	0	0	0	0	0	0	0	0	0	0	0	0	0	0	0	0	0	0	0	0	0	0	0	0	0	0	0	0	0	0	0	0	0	0	0	0	0	0	0	0	0	0	0	0	0	0	0	0	0	0	0	0	0	0	0	0	0	0	0	0	0	0	0	0	0	0	0	0	0	0	0	0	0	0	0	0	0	0	0	0	0	0	0	0	0	0	0	0	0	0	0	0	0	0	0	0	0	0	0	0	0	0	0	0	0	0	0	0	0	0	0	0	0	0	0	0	0	0	0	0	0	0	0	0	0	0	0	0	0	0	0	0	0	0	0	0	0	0	0	0	0	0	0	0	0	0	0	0	0	0	0	0	0	0	0	0	0	0	0	0	0	0	0	0	0	0	0	0	0	0	0	0	0	0	0	0	0	0	0	0	0	0	0	0	0	0	0	0	0	0	0	0	0	0	0	0	0	0	0	0	0	0	0	0	0	0	0	0	0	0	0	0	0	0	0	0	0	0	0	0	0	0	0	0	0	0	0	0	0	0	0	0	0	0	0	0	0	0	0	0	0	0	0	0	0	0	0	0	0	0	0	0	0	0	0	0	0	0	0	0	0	0	0	0	0	0	0	0	0	0	0	0	0	0	0	0	0	0	0	0	0	0	0	0	0	0	0	0	0	0	0	0	0	0	0	0	0	0	0	0	0	0	0	0	0	0	0	0	0	0	0	0	0	0	0	0	0	0	0	0	0	0	0	0	0	0	0	0	0	0	0	0	0	0	0	0	0	0	0	0	0	0	0	0	0	0	0	0	0	0	0	0	0	0	0	0	0	0	0	0	0	0	0	0	0	0	0	0	0	0	0	0	0	0	0	0	0	0	0	0	0	0	0	0	0	0	0	0	0	0	0	0	0	0	0	0	0	0	0	0	0	0	0	0	0	0	0	0	0	0	0	0	0	0	0	0	0	0	0	0	0	0	0	0	0	0	0	0	0	0	0	0	0	0	0	0	0	0	0	0	0	0	0	0	0	0	0	0	0	0	0	0	0	0	0	0	0	0	0	0	0	0	0	0	0	0	0	0	0	0	0	0	0	0	0	0	0	0	0	0	0	0	0	0	0	0	0	0	0	0	0	0	0	0	0	0	0	0	0	0	0	0	0	0	0	0	0	0	0	0	0	0	0	0	0	0	0	0	0	0	0	0	0	0	0	0	0	0	0	0	0	0	0	0	0	0	0	0	0	0	0	0	0	0	0	0	0	0	0	0	0	0	0	0	0	0	0	0	0	0	0	0	0	0	0	0	0	0	0	0	0	0	0	0	0	0	0	0	0	0	0	0	0	0	0	0	0	0	0	0	0	0	0	0	0	0	0	0	0	0	0	0	0	0	0	0	0	0	0	0	0	0	0	0	0	0	0	0	0	0	0	0	0	0	0	0	0	0	0	0	0	0	0	0	0	0	0	0	0	0	0	0	0	0	0	0	0	0	0	0	0	0	0	0	0	0	0	0	0	0	0	0	0	0	0	0	0	0	0	0	0	0	0	0	0	0	0	0	0	0	0	0	0	0	0	0	0	0	0	0	0	0	0	0	0	0	0	0	0	0	0	0
Bacteria	Candidatus_Latescibacteria	0	0	0	0	0	0	0	0	0	0	0	0	0	0	0	0	0	0	0	0	0	0	0	0	0	0	0	0	0	0	0	0	0	0	0	0	0	0	0	0	0	0	0	0	0	0	0	0	0	0	0	0	0	0	0	0	0	0	0	0	0	0	0	0	0	0	0	0	0	0	0	0	0	0	0	0	0	0	0	0	0	0	0	0	0	0	0	0	0	0	0	0	0	0	0	0	0	0	0	0	0	0	0	0	0	0	0	0	0	0	0	0	0	0	0	0	0	0	0	0	0	0	0	0	0	0	0	0	0	0	0	0	0	0	0	0	0	0	0	0	0	0	0	0	0	0	0	0	0	0	0	0	0	0	0	0	0	0	0	0	0	0	0	0	0	0	0	0	0	0	0	0	0	0	0	0	0	0	0	0	0	0	0	0	0	0	0	0	0	0	0	0	0	0	0	0	0	0	0	0	0	0	0	0	0	0	0	0	0	0	0	0	0	0	0	0	0	0	0	0	0	0	0	0	0	0	0	0	0	0	0	0	0	0	0	0	0	0	0	0	0	0	0	0	0	0	0	0	0	0	0	0	0	0	0	0	0	0	0	0	0	0	0	0	0	0	0	0	0	0	0	0	0	0	0	0	0	0	0	0	0	0	0	0	0	0	0	0	0	0	0	0	0	0	0	0	0	0	0	0	0	0	0	0	0	0	0	0	0	0	0	0	0	0	0	0	0	0	0	0	0	0	0	0	0	0	0	0	0	0	0	0	0	0	0	0	0	0	0	0	0	0	0	0	0	0	0	0	0	0	0	0	0	0	0	0	0	0	0	0	0	0	0	0	0	0	0	0	0	0	0	0	0	0	0	0	0	0	0	0	0	0	0	0	0	0	0	0	0	0	0	0	0	0	0	0	0	0	0	0	0	0	0	0	0	0	0	0	0	0	0	0	0	0	0	0	0	0	0	0	0	0	0	0	0	0	0	0	0	0	0	0	0	0	0	0	0	0	0	0	0	0	0	0	0	0	0	0	0	0	0	0	0	0	0	0	0	0	0	0	0	0	0	0	0	0	0	0	0	0	0	0	0	0	0	0	0	0	0	0	0	0	0	0	0	0	0	0	0	0	0	0	0	0	0	0	0	0	0	0	0	0	0	0	0	0	0	0	0	0	0	0	0	0	0	0	0	0	0	0	0	0	0	0	0	0	0	0	0	0	0	0	0	0	0	0	0	0	0	0	0	0	0	0	0	0	0	0	0	0	0	0	0	0	0	1	0	0	0	0	0	0	0	0	0	1	0	0	0	0	0	0	0	0	0	0	0	0	0	0	1	0	0	0	0	0	0	0	0	0	0	0	0	0	0	0	0	0	0	0	0	0	0	0	0	0	0	0	0	0	0	0	0	0	0	0	0	0	0	0	0	0	0	0	0	0	0	0	0	0	0	0	0	0	0	0	0	0	0	0	0	0	0	0	0	0	0	0	0	0	0	0	0	0	0	0	0	0	0	0	0	0	0	0	0	0	0	0	0	0	0	0	0	0	0	0	0	0	0	0	0	0	0	0	0	0	0	0	0	0	0	0	0	0	0	0	0	0	0	0	0	0	0	0	0	0	0	0	0	0	0	0	0	0	0	0	0	0	0	0	0	0	0	0	0	0	0	0	0	0	0	0	0	0	0	0	0	0	0	0	0	0	0	0	0	0	0	0	0	0	0	0	0	0	0	0	0	0	0	0	0	0	0	0	0	0	0	0	0	0	0	0	0	0	0	0	0	0	0	0	0	0	0	0	0	0	0	0	0	0	0	0	0	0	0	0	0	0	0	0	0	0	0	0	0	0	0	0	0	0	0	0	0	0	0	0	0	0	0	0	0	0	0	0	0	0	0	0	0	0	0	0	0	0	0	0	0	0	0	0	0	0	0	0	0	0	0	0	0	0	0	0	0	0	0	0	0	0	0	0	0	0	0	0	0	0	0	0	0	0	0	0	0	0	0	0	0	0	0	0	0	0	0	0	0	0	0	0	0	0	0	0	0	0	0	0	0	0	0	0	0	0	0	0	0	0	0	0	0	0	0	0	0	0	0	0	0	0	0	0	0	0	0	0	0	0	0	0	0	0	0	0	0	0	0	0	0	0	0	0	0	0	0	0	0	0	0	0	0	0	0	0	0	0	0	0	0	0	0	0	0	0	0	0	0	0	0	0	0	0	0	0	0	0	0	0	0	0	0	0	0	0	0	0	0	0	0	0	0	0	0	0	0	0	0	0	0	0	0	0	0	0	0	0	0	0	0	0	0	0	0	0	0	0	0	0	0	0	0	0	0	0	0	0	0	0	0	0	0	0	0	0	0	0	0	0	0	0	0	0	0	0	0	0	0	0	0	0	0	0	0	0	0	0	0	0	0	0	0	0	0	0	0	0	0	0	0	0	0	0	0	0	0	0	0	0	0	0	0	0	0	0	0	0	0	0	0	0	0	0	0	0	0	0	0	0	0	0	0	0	0	0	0	0	0	0	0	0	1	0	0	0	0	0	0	0	0	0	0	0	0	0	0	0	0	0	0	0	0	0	0	0	0	0	0	0	0	0	0	0	0	0	0	0	0	0	0	0	0	0	0	0	0	0	0	0	0	0	0	0	0	0	0	0	0	0	0	0	0
Bacteria	Candidatus_Lindowbacteria	0	0	0	0	0	0	0	0	0	0	0	0	0	0	0	0	0	0	0	0	0	0	0	0	0	0	0	0	0	0	0	0	0	0	0	0	0	0	0	0	0	0	0	0	0	0	0	0	0	0	0	0	0	0	0	0	0	0	0	0	0	0	0	0	0	0	0	0	0	0	0	0	0	0	0	0	0	0	0	0	0	0	0	0	0	0	0	0	0	0	0	0	0	0	0	0	0	0	0	0	0	0	0	0	0	0	0	0	0	0	0	0	0	0	0	0	0	0	0	0	0	0	0	0	0	0	0	0	0	0	0	0	0	0	0	0	0	0	0	0	0	0	0	0	0	0	0	0	0	0	0	0	0	0	0	0	0	0	0	0	0	0	0	0	0	0	0	0	0	0	0	0	0	0	0	0	0	0	0	0	0	0	0	0	0	0	0	0	0	0	0	0	0	0	0	0	0	0	0	0	0	0	0	0	0	0	0	0	0	0	0	0	0	0	0	0	0	0	0	0	0	0	0	0	0	0	0	0	0	0	0	0	0	0	0	0	0	0	0	0	0	0	0	0	0	0	0	0	0	0	0	0	0	0	0	0	0	0	0	0	0	0	0	0	0	0	0	0	0	0	0	0	0	0	0	0	0	0	0	0	0	0	0	0	0	0	0	0	0	0	0	0	0	0	0	0	0	0	0	0	0	0	0	0	0	0	0	0	0	0	0	0	0	0	0	0	0	0	0	0	0	0	0	0	0	0	0	0	0	0	0	0	0	0	0	0	0	0	0	0	0	0	0	0	0	0	0	0	0	0	0	0	0	0	0	0	0	0	0	0	0	0	0	0	0	0	0	0	0	0	0	0	0	0	0	0	0	0	0	0	0	0	0	0	0	0	0	0	0	0	0	0	0	0	0	0	0	0	0	0	0	0	0	0	0	0	0	0	0	0	0	0	0	0	0	0	0	0	0	0	0	0	0	0	0	0	0	0	0	0	0	0	0	0	0	0	0	0	0	0	0	0	0	0	0	0	0	0	0	0	0	0	0	0	0	0	0	0	0	0	0	0	0	0	0	0	0	0	0	0	0	0	0	0	0	0	0	0	0	0	0	0	0	0	0	0	0	0	0	0	0	0	0	0	0	0	0	0	0	0	0	0	0	0	0	0	0	0	0	0	0	0	0	0	0	0	0	0	0	0	0	0	0	0	0	0	0	0	0	0	0	0	0	0	0	0	0	0	0	0	0	0	0	0	0	0	0	0	0	0	0	0	0	0	0	0	0	0	0	0	0	0	0	0	0	0	0	0	0	0	0	0	0	0	0	0	0	0	0	0	0	0	0	0	0	0	0	0	0	0	0	0	0	0	0	0	0	0	0	0	0	0	0	0	0	0	0	0	0	0	0	0	0	0	0	1	0	0	0	0	0	0	0	0	0	0	1	0	0	0	0	0	0	0	0	0	0	0	0	0	0	0	0	0	0	0	0	0	0	0	0	0	0	0	0	0	0	0	0	0	0	0	0	0	0	0	0	0	0	0	0	0	0	0	0	0	0	0	0	0	0	0	0	0	0	0	0	0	0	0	0	0	0	0	0	0	0	0	0	0	0	0	0	0	0	0	0	0	0	0	0	0	0	0	0	0	0	0	0	0	0	0	0	0	0	0	0	0	0	0	0	0	0	0	0	0	0	0	0	0	0	0	0	0	0	0	0	0	0	0	0	0	0	0	0	0	0	0	0	0	0	0	0	0	0	0	0	0	0	0	0	0	0	0	0	0	0	0	0	0	0	0	0	0	0	0	0	0	0	0	0	0	0	0	0	0	0	0	0	0	0	0	0	0	0	0	0	0	0	0	0	0	0	0	0	0	0	0	0	0	0	0	0	0	0	0	0	0	0	0	0	0	0	0	0	0	0	0	0	0	0	0	0	0	0	0	0	0	0	0	0	0	0	0	0	0	0	0	0	0	0	0	0	0	0	0	0	0	0	0	0	0	0	0	0	0	0	0	0	0	0	0	0	0	0	0	0	0	0	0	0	0	0	0	0	0	0	0	0	0	0	0	0	0	0	0	0	0	0	0	0	0	0	0	0	0	0	0	0	0	0	0	0	0	0	0	0	0	0	0	0	0	0	0	0	0	0	0	0	0	0	0	0	0	0	0	0	0	0	0	0	0	0	0	0	0	0	0	0	0	0	0	0	0	0	0	0	0	0	0	0	0	0	0	0	0	0	0	0	0	0	0	0	0	0	0	0	0	0	0	0	0	0	0	0	0	0	0	0	0	0	0	0	0	0	0	0	0	0	0	0	0	0	0	0	0	0	0	0	0	0	0	0	0	0	0	0	0	0	0	0	0	0	0	0	0	0	0	0	0	0	0	0	0	0	0	0	0	0	0	0	0	0	0	0	0	0	0	0	0	0	0	0	0	0	0	0	0	0	0	0	0	0	0	0	0	0	0	0	0	0	0	0	0	0	0	0	0	0	0	0	0	0	0	0	0	0	0	0	0	0	0	0	0	0	0	0	0	0	0	0	0	0	0	0	0	0	0	0	0	0	0	0	0	0	0	0	0	0	0	0	0	0	0	0	0	0	0	0	0	0	0	0	0	0	0	0	0	0	0	0	0	0	0	0	0	0	0	0	0	0	0	0	0	0	0	0	0	0
Bacteria	Candidatus_Magasanikbacteria	0	0	0	0	0	0	0	0	0	0	0	0	0	0	0	0	0	0	0	0	0	0	0	0	0	0	0	0	0	0	0	0	0	0	0	0	0	0	0	0	0	0	0	0	0	0	0	0	0	0	0	0	0	0	0	0	0	0	0	0	0	0	0	0	0	0	0	0	0	0	0	0	0	0	0	0	0	0	0	0	0	0	0	0	0	0	0	0	0	0	0	0	0	0	0	0	0	0	0	0	0	0	0	0	0	0	0	0	0	0	0	0	0	0	0	0	0	0	0	0	0	0	0	0	0	0	0	0	0	0	0	0	0	0	0	0	0	0	0	0	0	0	0	0	0	0	0	0	0	0	0	0	0	0	0	0	0	0	0	0	0	0	0	0	0	0	0	0	0	0	0	0	0	0	0	0	0	0	0	0	0	1	0	0	0	0	0	0	0	0	0	0	0	0	0	0	0	0	0	0	0	0	0	0	0	0	0	0	0	0	0	0	0	0	0	0	0	0	0	0	0	0	0	0	0	0	0	0	0	0	0	0	0	0	0	0	0	0	0	0	0	0	0	0	0	0	0	0	0	0	0	0	0	0	0	0	0	0	0	0	0	0	0	0	0	0	0	0	0	0	0	0	0	0	0	0	0	0	0	0	0	0	0	0	0	0	0	0	0	0	0	0	0	0	0	0	0	0	0	0	0	0	0	0	0	0	0	0	0	0	0	0	0	0	0	0	0	0	0	0	0	0	0	0	0	0	0	0	0	0	0	0	0	0	0	0	0	0	0	0	0	0	0	0	0	0	0	0	0	0	0	0	0	0	0	0	0	0	0	0	0	0	0	0	0	0	0	0	0	0	0	0	0	0	0	0	0	0	0	0	0	0	0	0	0	0	0	0	0	0	0	0	0	0	0	0	0	0	0	0	0	0	0	0	0	0	0	0	0	0	0	0	0	0	0	0	0	0	0	0	0	0	0	0	0	0	0	0	0	0	0	0	0	0	0	0	0	0	0	0	0	0	0	0	0	0	0	0	0	0	0	0	0	0	0	0	0	0	0	0	0	0	0	0	0	0	0	0	0	0	0	0	0	0	0	0	0	0	0	0	0	0	0	0	0	0	0	0	0	0	0	0	0	0	0	0	0	0	0	0	0	0	0	0	0	0	0	0	0	0	0	0	0	0	0	0	0	0	0	0	0	0	0	0	0	0	0	0	0	0	0	0	0	0	0	0	0	0	0	0	0	0	0	0	0	0	0	0	0	0	0	0	0	0	0	0	0	0	0	0	0	0	0	0	0	0	0	0	0	0	0	0	0	0	0	0	0	0	0	0	0	0	0	0	0	0	0	0	0	0	0	0	0	0	0	0	0	0	0	0	0	0	0	0	0	0	0	0	0	0	0	0	0	0	0	0	0	0	0	0	0	0	0	0	0	0	0	0	0	0	0	0	0	0	0	0	0	0	0	0	0	0	0	0	0	0	0	0	0	0	0	0	0	0	0	0	0	0	0	0	0	0	0	0	0	0	0	0	0	0	0	0	0	0	0	0	0	0	0	0	0	0	0	0	0	0	0	0	0	0	0	0	0	0	0	0	0	0	0	0	0	0	0	0	0	0	0	0	0	0	0	0	0	0	0	0	0	0	0	0	0	0	0	0	0	0	0	0	0	0	0	0	0	0	0	0	0	0	0	0	0	0	0	0	0	0	0	0	0	0	0	0	0	0	0	0	0	0	0	0	0	0	0	0	0	0	0	0	0	0	0	0	0	0	0	0	0	0	0	0	0	0	0	0	0	0	0	0	0	0	0	0	0	0	0	0	0	0	0	0	0	0	0	0	0	0	0	0	0	0	0	0	0	0	0	0	0	0	0	0	0	0	0	0	0	0	0	0	0	0	0	0	0	0	0	0	0	0	0	0	0	0	0	0	0	0	0	0	0	0	0	0	0	0	0	0	0	0	0	0	0	0	0	0	0	0	0	0	0	0	0	0	0	0	0	0	0	0	0	0	0	0	0	0	0	0	0	0	0	0	0	0	0	0	0	0	0	0	0	0	0	0	0	0	0	0	0	0	0	0	0	0	0	0	0	0	0	0	0	0	0	0	0	0	0	0	0	0	0	0	0	0	0	0	0	0	0	0	0	0	0	0	0	0	0	0	0	0	0	0	0	0	0	0	0	0	0	0	0	0	0	0	0	0	0	0	0	0	0	0	0	0	0	0	0	0	0	0	0	0	0	0	0	0	0	0	0	0	0	0	0	0	0	0	0	0	0	0	0	0	0	0	0	0	0	0	0	0	0	0	0	0	0	0	0	0	0	0	0	0	0	0	0	0	0	0	0	0	0	0	0	0	0	0	0	0	0	0	0	0	0	0	0	0	0	0	0	0	0	0	0	0	0	0	0	0	0	0	0	0	0	0	0	0	0	0	0	0	0	0	0	0	0	0	0	0	0	0	0	0	0	0	0	0	0	0	0	0	0	0	0	0	0	0	0	0	0	0	0	0	0	0	0	0	0	0	0	0	0	0	0	0	0	0	0	0	0	0	0	0	0	0	0	0	0	0	0	0	0	0	0	0	0	0	0	0	0	0	0	0	0	0	0	0	0	0	0	0	0	0	0	0	0	0	0	0	0	0	0	0	0	0	0	0	0	0	0	0	0
Bacteria	Candidatus_Marinimicrobia	0	0	0	0	0	0	0	0	0	0	0	0	0	0	0	0	0	0	0	0	0	0	0	0	0	0	0	0	0	0	0	0	0	0	0	0	0	0	0	0	0	0	0	0	0	0	0	0	0	0	0	0	0	0	0	0	0	0	0	0	0	0	0	0	0	0	0	0	0	0	0	0	0	0	0	0	0	0	0	0	0	0	0	0	0	0	0	1	0	0	0	0	0	0	0	0	0	0	0	0	0	0	0	0	0	0	0	0	0	0	0	0	0	0	0	0	0	0	0	0	0	0	0	0	0	0	0	0	0	0	0	0	0	0	0	0	0	0	0	0	0	0	0	0	0	0	0	0	0	0	0	0	0	0	0	0	0	0	0	0	0	0	0	0	0	0	0	0	0	0	0	0	0	0	0	0	0	0	0	0	0	0	0	0	0	0	0	0	0	0	0	0	0	0	0	0	0	0	0	0	0	0	0	0	0	0	0	0	0	0	0	0	0	0	0	0	0	0	0	0	0	0	0	0	0	0	0	0	0	0	0	0	0	0	0	0	0	0	0	0	0	0	0	0	0	0	0	0	0	0	0	0	0	0	0	0	0	0	0	0	0	0	0	0	0	0	0	0	0	0	0	0	0	0	0	0	0	0	0	0	0	0	0	0	0	0	0	0	0	0	0	0	0	0	0	0	0	0	0	0	0	0	0	0	0	0	0	0	0	0	0	0	0	0	0	0	0	0	0	0	0	0	0	0	0	0	0	0	0	0	0	0	0	0	0	0	0	0	0	0	0	0	0	0	0	0	0	0	0	0	0	0	0	0	0	0	0	0	0	0	0	0	0	0	0	0	0	0	0	0	0	0	0	0	0	0	0	0	0	0	0	0	0	0	0	0	0	0	0	0	0	0	0	0	0	0	0	0	0	0	0	0	0	0	0	0	0	0	0	0	0	0	0	0	0	0	0	0	0	0	0	0	0	0	0	0	0	0	0	0	0	0	0	0	0	0	0	0	0	0	0	0	0	0	0	0	0	0	0	0	0	0	0	0	0	0	0	0	0	0	0	0	0	0	0	0	0	0	0	0	0	0	0	0	0	0	0	0	0	0	0	0	0	0	0	0	0	0	0	0	0	0	0	0	0	0	0	0	0	0	0	0	0	0	0	0	0	0	0	0	0	0	0	0	0	0	0	0	0	0	0	0	0	0	0	0	0	0	0	0	0	0	0	0	0	0	0	0	0	0	0	0	0	0	2	0	0	0	0	0	0	0	0	0	0	0	0	0	0	0	0	0	0	0	0	0	0	0	0	0	0	0	0	0	0	0	0	0	0	0	0	0	0	0	0	0	0	0	0	0	0	0	0	0	0	0	0	0	0	0	0	0	0	0	0	0	0	0	0	0	0	0	0	0	0	0	0	0	0	0	0	0	0	0	0	1	0	0	0	0	0	0	0	0	0	0	0	0	0	3	0	0	0	0	0	0	0	0	0	0	0	0	0	0	0	0	0	0	0	0	0	0	0	0	0	0	0	0	0	0	0	0	0	0	0	0	0	0	0	0	0	0	0	0	0	0	0	0	0	0	0	0	0	0	0	0	0	0	0	0	0	0	0	0	0	0	0	0	0	0	0	0	0	0	0	0	0	0	0	0	0	0	0	0	0	0	0	0	0	0	0	0	0	0	0	0	0	0	0	0	0	0	0	0	1	0	0	0	0	0	0	0	0	0	0	0	0	0	0	0	0	0	0	0	0	0	0	0	0	0	0	0	0	0	0	0	0	0	0	0	0	0	0	0	0	0	0	0	0	0	0	0	0	0	0	0	0	0	0	0	0	0	0	0	0	0	0	0	0	0	0	0	0	0	0	0	0	0	0	4	0	0	0	0	0	0	0	0	0	0	0	0	0	0	0	0	0	0	0	0	0	0	0	0	0	0	0	0	0	0	0	0	0	0	0	0	0	0	1	0	0	0	0	0	0	0	0	0	0	0	0	0	0	0	0	0	0	0	0	0	0	0	0	0	0	0	0	0	0	0	0	0	0	0	0	0	0	0	0	0	0	0	0	0	0	0	0	0	0	0	0	0	0	0	0	0	0	0	0	0	0	0	0	0	0	0	0	0	0	0	0	0	0	0	0	0	0	0	0	0	0	0	0	0	0	0	0	0	0	0	0	0	0	0	0	0	0	0	0	0	0	0	0	0	0	0	0	0	0	0	0	1	0	0	0	0	0	0	0	0	0	0	0	0	0	0	0	0	0	0	0	0	0	0	0	0	0	0	0	0	0	0	0	0	0	0	0	0	0	0	0	0	0	0	0	0	0	0	0	0	0	0	0	0	0	0	0	0	0	0	0	0	0	0	0	0	0	0	0	0	0	0	0	0	0	0	0	0	0	0	0	0	0	0	0	0	0	0	0	0	2	0	0	0	0	0	0	0	0	0	0	1	0	0	0	0	0	0	0	0	0	0	0	0	0	0	0	0	0	0	0	0	0	0	0	0	0	0	0	0	0	0	0	0	0	0	0	0	0	0	0	0	0	0	0	0	0	0	0	0	0	0	0	0	0	0	0	0	0	0	0	0	1	0	0	0	0	0	0	0	0	0	0	0	0	0	0	0	0	0	0	0	0	0	3	0	0	0	0	0	2	0	0	0	0	0	0	0	0
Bacteria	Candidatus_Omnitrophica	0	0	0	0	0	0	0	0	0	0	0	0	0	0	0	0	0	0	0	0	0	0	0	0	0	0	0	0	0	0	0	0	0	0	0	0	0	0	0	0	0	0	0	0	0	0	0	0	0	0	0	0	0	0	0	0	0	0	0	0	0	0	0	0	0	0	0	0	0	0	0	0	0	0	0	0	0	0	0	0	0	0	0	0	0	0	0	0	0	0	0	0	0	0	0	0	0	0	0	0	0	0	0	0	0	0	0	0	0	0	0	0	0	0	0	0	0	0	0	0	0	0	0	0	0	0	0	0	0	0	0	0	0	0	0	0	0	0	0	0	0	0	0	0	0	0	0	0	0	0	0	0	0	0	0	0	0	0	0	0	0	0	0	0	0	0	0	0	0	0	0	0	0	0	0	0	0	0	0	0	0	0	0	0	0	0	0	0	0	0	0	0	0	0	0	0	0	0	0	0	0	0	0	0	0	0	0	0	0	0	0	0	0	0	0	0	0	0	0	0	0	0	0	0	0	0	0	0	0	0	0	0	0	0	0	0	0	0	0	0	0	0	0	0	0	0	0	0	0	0	0	0	0	0	0	0	0	0	0	0	0	0	0	0	0	0	0	0	0	0	0	0	0	0	0	0	0	0	0	0	0	0	0	0	0	0	0	0	0	0	0	0	0	0	0	0	0	0	0	0	0	0	0	0	0	0	0	0	0	0	0	0	0	0	0	0	0	0	0	0	0	0	0	0	0	0	0	0	0	0	0	0	0	0	0	0	0	0	0	0	0	0	0	0	0	0	0	0	0	0	0	0	0	0	0	0	0	0	0	0	0	0	0	0	0	0	0	0	0	0	0	0	0	0	0	0	0	0	0	0	0	0	0	0	0	0	0	0	0	0	0	0	0	0	0	0	0	0	0	0	0	0	0	0	0	0	0	0	0	0	0	0	0	0	0	0	0	0	0	0	0	0	0	0	0	0	0	0	0	0	0	0	0	0	0	0	0	0	0	0	0	0	0	0	0	0	0	0	0	0	0	0	0	0	0	0	0	0	0	0	0	0	0	0	0	0	0	0	0	0	0	0	0	0	0	0	0	0	0	0	0	0	0	0	0	0	0	0	0	0	0	0	0	0	0	0	0	0	0	0	0	0	0	0	0	0	0	0	0	0	0	0	0	0	0	0	0	0	0	0	0	0	0	0	0	0	0	0	0	0	0	0	0	0	0	0	0	0	0	0	0	0	0	0	0	0	0	0	0	0	0	0	0	0	0	0	0	0	0	0	0	0	0	0	0	0	0	0	0	0	0	0	0	0	0	0	0	0	0	0	0	0	0	0	0	0	0	0	0	0	0	0	0	0	0	0	0	0	0	0	0	0	0	0	0	0	0	0	0	0	0	0	0	0	0	0	0	0	0	0	0	0	0	0	0	0	0	0	0	0	0	0	0	0	0	0	0	1	0	0	0	0	0	0	0	0	0	0	0	0	0	0	0	0	0	0	0	0	0	0	0	0	0	0	0	0	0	0	0	0	0	0	0	0	0	0	0	0	0	0	0	0	0	0	0	0	0	0	0	0	0	0	0	0	0	0	0	0	0	0	1	0	0	0	0	0	0	0	0	0	0	0	0	0	0	0	0	0	0	0	0	0	0	0	0	0	0	0	0	0	0	0	0	0	0	0	0	0	0	0	0	0	0	0	0	0	0	0	0	0	0	0	0	0	0	0	0	0	0	0	0	0	0	0	0	0	0	0	0	0	0	0	0	0	0	0	0	0	0	0	0	0	0	0	0	0	0	0	0	0	0	0	0	0	0	0	0	0	0	0	0	0	0	0	0	0	0	0	0	0	0	0	0	0	0	0	0	0	0	0	0	0	0	0	0	0	0	0	0	0	0	0	0	0	0	0	0	0	0	0	0	0	0	0	0	0	0	0	0	0	0	0	0	0	0	0	0	0	0	0	0	0	0	0	0	0	0	0	0	0	0	0	0	0	0	0	0	0	0	0	0	0	0	0	0	0	0	0	0	0	0	0	0	0	0	0	0	0	0	0	0	0	0	0	0	0	0	0	0	0	0	0	0	0	0	0	0	0	0	0	0	0	0	0	0	0	0	0	0	0	0	0	0	0	0	0	0	0	0	0	0	0	0	0	0	0	0	0	0	0	0	0	0	0	0	0	0	0	0	0	0	0	0	0	0	0	0	0	0	0	0	0	0	0	0	0	0	0	0	0	0	0	0	0	0	0	0	0	0	0	0	0	0	0	0	0	0	0	0	0	0	0	0	0	0	0	0	0	0	0	0	0	0	0	0	0	0	0	0	0	0	0	0	0	0	0	0	0	0	0	0	0	0	0	0	0	0	0	0	0	0	0	0	0	0	0	0	0	0	0	0	0	0	0	0	0	0	0	0	0	0	0	0	0	0	0	0	0	0	0	0	0	0	0	0	0	0	0	0	0	0	0	0	0	0	0	0	0	0	0	0	0	0	0	0	0	0	0	0	0	0	0	0	0	0	0	0	0	0	0	0	0	0	0	0	0	0	0	0	0	0	0	0	0	0	0	0	0	0	0	0	0	0	0	0	0	0	0	0	0	0	0	0	0	0	0	0	0	0	0	0	0	0	0	0	0	0	0	0	0	0	0	0	0	0	0	0	0	0
Bacteria	Candidatus_Parcubacteria	0	0	0	0	0	2	0	0	0	0	0	0	0	0	0	0	0	0	0	0	0	0	0	0	0	0	0	0	0	0	0	0	0	0	0	0	0	0	0	0	0	0	0	0	0	0	0	0	0	0	0	0	0	0	0	0	0	0	0	0	0	0	0	0	0	0	0	0	0	0	0	0	0	0	0	0	0	0	0	0	0	0	0	0	0	0	0	0	0	0	0	0	0	0	0	0	0	0	0	0	0	0	0	0	0	0	0	0	23	0	0	0	0	0	0	0	0	0	0	0	0	0	0	0	0	0	0	0	0	0	0	0	0	0	0	0	0	0	0	0	0	0	0	0	0	0	0	0	0	0	0	0	0	0	0	0	5	0	0	0	0	0	0	0	0	0	0	0	0	0	0	0	0	0	3	0	0	0	0	0	0	0	0	0	0	0	0	0	0	0	0	0	0	0	0	0	0	0	0	0	0	0	0	0	0	0	4	9	1	0	0	0	0	0	0	0	0	0	0	0	0	0	0	0	0	0	0	0	0	0	0	0	10	0	0	0	0	0	0	0	0	0	0	0	0	0	0	0	0	0	0	0	0	2	0	0	1	0	0	0	0	0	0	0	0	0	0	0	0	0	0	0	0	0	0	13	0	0	0	0	0	0	0	0	0	0	0	0	0	0	0	0	0	0	0	0	0	0	0	0	0	0	0	0	0	0	0	0	0	0	6	0	0	0	0	0	0	0	0	0	0	0	0	0	0	0	0	0	0	0	0	0	0	0	0	0	0	0	0	0	0	0	0	0	0	0	0	0	0	0	0	0	0	0	0	0	0	0	0	0	0	0	0	0	0	0	0	0	0	0	0	0	0	0	0	0	0	0	0	0	0	0	0	0	0	0	0	0	0	0	0	0	0	0	0	0	0	0	2	0	0	0	0	0	0	0	1	0	0	0	0	0	0	0	0	0	0	0	0	0	0	0	0	0	0	0	0	0	0	0	0	0	0	0	0	0	0	0	0	0	0	0	0	0	0	0	0	0	0	0	0	0	0	0	0	0	0	0	0	0	0	1	0	9	0	0	0	0	0	0	0	0	0	0	0	0	0	0	0	0	0	0	0	0	0	0	0	0	0	0	0	0	0	0	0	0	0	0	0	0	0	0	0	0	0	0	0	0	0	0	0	0	0	0	87	0	1	0	0	0	0	2	0	0	0	0	0	0	0	5	0	0	0	0	0	0	0	0	0	0	0	0	0	29	0	0	0	0	2	0	0	0	0	0	19	0	0	0	0	0	0	0	0	0	0	0	0	0	0	0	0	0	0	0	0	0	0	0	0	0	0	0	0	0	0	0	0	0	0	0	0	0	0	0	0	0	23	0	0	0	0	0	0	0	0	0	0	0	0	0	0	0	0	0	20	0	0	0	0	0	0	0	0	0	0	0	0	0	0	0	0	0	0	0	0	0	0	0	0	0	0	0	0	0	0	0	0	0	0	0	0	0	0	0	0	0	0	0	0	0	0	0	17	0	0	0	0	0	0	0	0	0	0	0	0	0	0	0	2	0	0	0	0	0	0	0	0	0	0	0	0	1	0	0	0	0	0	36	0	0	6	0	0	0	0	0	0	0	0	0	0	0	0	0	0	0	0	0	0	0	0	0	0	0	0	0	0	0	0	0	0	0	0	0	0	0	0	21	0	0	0	38	0	0	0	0	0	0	0	0	0	0	2	0	0	47	0	0	0	0	0	0	0	0	0	0	0	0	0	0	0	0	0	0	0	0	0	0	0	0	0	0	0	0	0	0	48	0	0	0	0	0	0	0	0	0	0	0	0	0	0	0	0	0	0	0	0	0	0	0	0	0	0	0	0	0	0	0	0	0	0	0	0	0	0	0	0	0	0	0	0	0	0	0	0	0	0	0	0	0	0	0	0	0	0	0	0	0	0	0	0	0	0	0	0	0	0	0	0	0	0	0	0	0	0	0	0	0	0	0	0	0	0	0	0	0	0	0	0	0	0	0	0	0	0	0	0	0	0	0	0	0	0	0	0	0	0	0	0	0	0	0	0	0	0	0	0	0	0	0	0	0	0	0	0	0	0	0	0	0	0	0	0	0	0	0	0	0	0	0	0	0	0	0	0	0	0	0	0	0	0	0	0	0	0	0	0	0	0	0	0	0	0	0	0	0	0	0	0	0	0	0	0	0	0	0	0	0	0	0	0	0	0	0	0	0	0	0	0	0	0	0	0	0	0	0	0	0	0	0	0	0	0	0	0	0	0	0	0	0	0	0	0	0	0	0	0	0	0	0	0	0	0	0	0	0	0	0	0	0	0	0	0	0	0	0	0	0	0	0	0	0	0	0	0	0	0	0	0	0	0	0	0	0	0	0	0	0	0	0	0	0	0	0	0	0	0	0	0	0	0	0	0	0	0	0	0	0	0	0	0	0	0	0	0	0	0	0	0	0	0	0	0	0	0	0	0	0	0	0	0	0	0	0	0	0	0	0	0	0	0	0	0	0	0	0	0	0	0	0	0	0	0	0	0	0	0	0	0	0	0	0	0	0	0	0	0	0	0	0	0	0	0	0	0	0	0	0	0	0	0	0	0	0	0	0	0	0	0	0	0	0	0	0	0	0	0	0	0	0	0	0	0	0	0	0	0	0	0
Bacteria	Candidatus_Peregrinibacteria	0	62	171	0	0	5	0	0	0	0	0	0	0	0	0	0	0	0	0	9	0	0	0	0	0	2	0	1	0	0	0	0	0	0	0	1	7	0	2	9	0	11	0	0	0	0	65	2	2	2	0	2	0	2	3	0	0	8	3	2	0	0	1	0	0	0	7	0	0	0	15	0	0	0	0	0	18	0	46	0	0	8	0	0	2	1	3	17	13	0	25	0	72	1	0	59	2	0	0	0	4	2	0	1	0	0	1	2	77	0	0	0	0	0	34	0	1	0	19	1	0	0	0	1	2	1	7	1	0	4	27	0	0	0	6	0	0	9	0	0	4	5	0	0	30	0	0	0	0	0	1	0	1	3	0	0	15	0	0	0	0	0	0	4	0	0	1	0	0	0	0	0	0	5	6	0	2	1	0	2	0	9	19	7	3	0	0	0	0	0	0	1	0	0	3	0	0	3	3	0	11	0	19	1	3	2	4	136	7	1	0	11	0	5	2	7	0	0	0	26	0	2	0	2	0	0	1	11	0	0	0	0	72	0	19	0	1	0	0	1	0	1	0	0	0	0	0	0	0	0	1	0	0	4	8	0	3	0	2	8	3	0	10	2	1	0	5	9	0	1	0	1	0	0	4	31	4	0	0	18	0	6	1	3	1	0	16	8	5	2	24	19	0	5	2	1	3	0	0	0	0	2	5	0	1	0	0	0	5	0	15	0	2	22	0	0	0	0	27	0	3	0	0	36	2	0	0	1	0	0	0	2	0	0	34	0	17	0	0	28	0	0	2	0	1	0	0	4	27	10	0	3	0	0	7	3	6	0	0	21	1	47	0	0	12	0	1	0	0	0	0	4	0	3	0	3	21	0	0	28	16	119	0	7	0	1	3	0	0	0	2	0	5	5	0	0	0	2	10	0	5	0	0	1	0	7	5	10	0	0	0	1	0	0	2	0	6	0	0	0	0	2	0	0	0	0	0	0	0	3	0	18	0	0	5	3	1	1	2	11	0	1	1	0	8	0	1	0	1	0	11	0	0	0	38	0	0	0	1	5	7	0	3	51	0	0	0	6	0	0	0	0	7	0	10	0	0	5	0	0	0	0	2	0	0	2	7	0	3	0	0	0	27	0	0	0	0	0	2	0	1	0	0	0	23	0	0	0	0	0	730	15	61	0	350	57	2735	0	0	2	0	4	8	26	3	7	0	25	67	26	15	39	8	13	0	0	0	4	0	2	21	0	0	273	0	0	0	5	34	0	0	0	5	1	152	42	1	0	29	0	18	0	0	24	0	40	4	1	0	12	24	3	1	0	10	0	12	10	5	7	58	0	0	1	1	1	0	0	2	0	7	0	0	16	1	4	109	15	2	22	3	870	103	2	5	0	0	0	1	1	0	0	0	43	2029	29	0	1	88	6	5	2	21	2	0	0	0	2	2	0	6	12	3	11	53	0	25	60	6	0	3	15	0	1	0	47	14	4	25	3	0	54	5	478	23	4	501	15	0	2	3	4	58	3	2	3	2	13	8	1	1	20	39	0	14	0	0	4	17	4	6	4	2	0	6	3	8	4	19	6621	0	11	1	0	0	19	1	123	40	1	2186	11	3	43	0	11	588	51	0	31	53	2	0	127	5	1	51	8	4	0	4	0	1	5	2	37	2	4	4	78	1	13	32	2	2777	0	11	170	1	4	1	124	0	12	0	3	0	18	33	7	40	28	11	8	27	415	3	14	1	0	0	4	24	8	37	0	0	0	49	99	0	0	10	0	0	0	0	12	2	0	6	8	1	1	18	4	391	10	0	30	17	0	1	1	0	0	0	7	3	2	0	8	11	4	1	0	3	26	0	0	0	30	0	0	0	0	5	0	5	0	0	0	7	0	1	0	0	0	0	8	20	0	0	2	0	2	199	7	0	162	0	0	0	16	418	0	0	0	0	0	0	0	0	4	0	0	1	0	0	30	0	5	0	0	1	0	0	46	0	1	1	0	8	0	0	5	0	0	0	88	0	0	4	0	3	0	0	0	1	29	80	0	2	0	0	2	0	1	0	19	0	0	0	0	2	1	1	0	1	0	0	0	1	0	0	2	0	3	16	69	1	2	3	0	0	0	1	222	0	1	0	1	0	13	0	0	0	1	19	0	0	0	2	0	0	0	0	0	0	1	0	0	0	0	16	8	24	0	29	70	0	0	7	0	0	3	0	0	0	0	9	0	0	0	0	0	0	0	0	0	0	48	0	0	5	1	67	0	0	5	7	0	27	0	0	0	0	3	0	15	0	1	2	0	0	13	0	0	0	3	0	11	19	1	0	0	0	0	3	0	0	0	0	0	0	8	2	3	0	0	3	0	0	5	1	0	2	0	0	0	18	48	0	0	0	1	0	0	0	3	1	0	0	4	1	0	0	0	0	0	0	0	12	2	0	0	0	10	32	73	1	0	0	0	1	0	0	53	20	1	0	0	0	6	67	0	1	0	0	1	41	0	1	0	0	1	73	3	1	5	3	10	2	0	2	0	0	8	218	19	0	0	0	0	111	15	0	5	0	0	0	0	2	3	0	0	25	17	3	0	1	3	0	0	0	1	2	15	3	15	0	0	0	19	1	0	0	0	4	2	0	4	0	8	1	0	0	0	19	0	0	103	1	0	0	1	6	0	0
Bacteria	Candidatus_Poribacteria	0	0	0	0	0	0	0	0	0	0	0	0	0	0	0	0	0	0	0	4	0	0	0	0	0	0	0	0	0	0	0	0	0	0	0	0	0	0	0	0	0	2	0	0	0	0	5	0	0	0	0	0	0	0	0	0	0	0	1	0	0	0	0	0	0	0	8	0	0	0	0	0	0	0	0	0	0	0	0	0	0	5	0	0	1	0	0	0	0	0	0	0	0	0	0	0	0	0	0	0	0	0	0	0	0	0	0	0	0	0	0	0	0	0	0	0	0	0	0	0	0	0	0	0	0	0	0	0	0	0	0	0	0	0	0	0	0	0	0	0	0	0	0	0	0	0	0	0	0	0	0	0	0	0	0	0	0	0	0	0	0	0	0	0	0	0	81	0	0	0	0	0	0	8	0	0	0	1	0	0	0	0	0	0	1	0	0	0	0	0	0	0	0	0	8	0	0	0	0	0	1	0	8	0	0	0	0	0	0	0	0	0	0	0	1	14	0	0	0	0	0	0	0	0	0	0	0	0	0	0	0	0	0	0	0	0	0	0	0	0	0	0	0	0	0	0	0	0	0	0	0	0	0	0	0	0	0	0	0	0	3	0	0	0	0	0	0	0	0	0	3	0	0	0	0	0	0	0	0	0	0	0	0	0	0	0	6	0	0	0	0	0	0	1	0	0	0	0	0	0	0	2	0	0	0	0	0	0	38	0	0	0	0	0	0	0	0	0	0	0	0	0	0	0	1	0	0	0	0	0	0	0	0	0	0	0	0	0	0	0	0	0	0	0	0	0	0	0	0	0	0	0	0	0	0	0	0	0	0	0	0	0	0	0	0	0	0	0	0	0	0	0	0	0	0	3	0	0	0	0	0	0	0	7	0	0	0	0	0	0	1	0	0	0	0	0	0	0	0	0	0	0	0	0	0	0	0	0	0	0	0	0	0	0	0	0	0	0	0	1	0	0	0	0	0	0	0	0	0	0	0	0	0	0	0	0	0	0	0	0	0	0	0	0	0	1	4	0	0	0	0	0	0	0	0	0	0	0	0	0	0	0	0	0	0	0	0	0	0	0	0	0	0	0	0	0	0	0	0	0	0	0	3	0	0	4	0	0	0	0	0	0	0	0	0	0	0	0	0	0	0	0	0	0	0	0	0	0	0	0	0	0	0	0	0	0	0	0	0	0	0	0	1	0	0	0	0	0	0	0	0	0	0	0	0	0	0	0	0	0	1	0	0	0	0	0	0	0	0	0	0	0	0	0	0	14	0	0	0	0	0	0	0	0	0	95	0	0	0	0	0	0	0	0	0	0	0	0	0	0	11	0	0	0	0	0	0	0	0	0	3	0	0	0	0	0	0	0	0	2	0	2	0	0	0	0	0	0	0	0	0	0	0	0	1	18	0	0	0	0	0	0	51	0	0	0	0	0	0	0	0	0	0	0	0	0	0	0	0	0	0	0	0	0	0	46	0	0	0	0	0	0	0	536	0	0	0	0	0	0	0	0	0	1	0	0	0	1	0	0	0	0	0	0	12	0	0	0	0	0	0	0	0	0	0	0	0	0	0	1	0	0	0	0	0	0	0	0	0	0	1	0	0	0	0	0	0	1	0	0	0	0	0	0	0	0	0	0	0	0	0	0	0	0	0	43	0	0	0	4	0	0	0	0	0	0	0	0	0	0	0	0	0	0	0	0	0	1	0	4	0	0	0	0	0	0	0	0	0	0	0	0	0	0	6	0	0	0	0	3	0	0	0	0	0	0	0	1	0	0	0	0	0	0	0	0	0	0	0	0	1	0	0	0	0	0	0	0	0	0	0	0	0	0	0	0	0	0	0	0	0	0	0	0	0	0	0	0	0	0	0	0	0	0	0	0	0	0	0	0	0	0	0	0	0	0	0	0	0	0	0	0	0	0	0	0	0	0	0	0	0	0	0	0	0	0	0	0	0	0	0	0	0	0	0	0	0	0	0	0	0	0	0	0	0	0	0	0	0	0	0	0	0	0	0	0	0	0	0	0	0	0	0	0	0	0	0	0	0	0	0	0	0	0	0	0	0	0	0	0	0	0	0	0	0	0	0	0	0	0	0	0	0	0	0	0	0	0	0	0	0	0	0	0	0	0	0	0	0	0	0	0	0	0	0	0	0	0	0	0	0	0	0	0	0	0	0	0	0	0	0	0	0	0	0	0	0	0	0	0	0	0	0	0	0	0	0	0	0	0	0	0	0	0	0	0	0	0	0	0	0	0	0	0	0	0	0	0	0	0	0	0	0	0	0	0	0	0	0	0	0	0	0	0	0	0	0	0	0	0	0	0	0	0	0	0	0	3	0	0	0	0	0	0	0	0	0	0	0	0	0	0	0	0	0	0	0	0	0	0	0	0	0	0	0	0	0	0	0	0	0	0	0	0	0	0	0	0	0	0	0	0	0	0	0	0	0	0	0	0	0	0	0	0	0	0	0	0	0	0	0	0	0	0	0	0	0	0	0	0	0	0	0	0	0	0	0	0	0	0	0	0	0	0	0	0	0	0	0	0	0	0	0	0	0	0	0	0	0	0	0	0	0	0	0	0	0	0	0	0	0	0	0	0	0	0	0	0	0	0	0	0	0	0	0	0	0	0	0	0	0	0	0	0	0	0	0	0	0
Bacteria	Candidatus_Rokubacteria	0	0	0	0	0	0	0	0	0	0	0	0	0	0	0	0	0	0	0	0	0	0	0	0	0	0	0	0	0	0	0	0	0	0	0	0	0	0	0	0	0	0	0	0	0	0	0	0	0	0	0	0	0	0	0	0	0	0	0	0	0	0	0	0	0	0	0	0	0	0	0	0	0	0	0	0	0	0	0	0	0	0	0	0	0	0	0	0	0	0	0	0	0	0	0	0	0	0	0	0	0	0	0	0	0	0	0	0	0	0	0	0	0	0	0	0	0	0	0	0	0	0	0	0	0	0	0	0	0	0	0	0	0	0	0	0	0	0	0	0	0	0	0	0	0	0	0	0	0	0	0	0	0	0	0	0	0	0	0	0	0	0	0	0	0	0	0	0	0	0	0	0	0	0	0	0	0	0	0	0	0	0	0	0	0	0	0	0	0	0	0	0	0	0	0	0	0	0	0	0	0	0	0	0	0	0	0	0	0	0	0	0	0	0	0	0	0	0	0	0	0	0	0	0	0	0	0	0	0	0	0	0	0	0	0	0	0	0	0	0	0	0	0	0	0	0	0	0	0	0	0	0	0	0	0	0	0	0	0	0	1	0	0	0	0	0	0	0	0	0	0	0	0	0	0	0	0	0	0	0	0	0	0	0	0	0	0	0	0	0	0	0	0	0	0	0	0	0	0	0	0	0	0	0	0	0	0	0	0	0	0	0	0	0	0	0	0	0	0	0	0	0	0	0	0	0	0	0	0	0	0	0	0	0	0	0	0	0	0	0	0	0	0	0	0	0	0	0	0	0	0	0	0	0	0	0	0	0	0	0	0	0	0	0	0	0	0	0	0	0	0	0	0	0	0	0	0	0	0	0	0	0	0	0	0	0	0	0	0	0	0	0	0	0	0	0	0	0	0	0	0	0	0	0	0	0	0	0	0	0	0	0	0	0	0	0	0	0	0	0	0	0	0	0	0	0	0	0	0	0	0	0	0	0	0	0	0	0	0	0	0	0	0	0	0	0	0	0	0	0	0	0	0	0	0	0	0	0	0	0	0	0	0	0	0	0	0	0	0	0	0	0	0	0	0	0	0	0	0	0	0	0	0	0	0	0	0	0	0	0	0	0	0	0	0	0	0	0	0	0	0	0	0	0	0	0	0	0	0	0	0	0	0	0	0	0	0	0	0	0	0	0	0	0	0	0	0	0	0	0	0	0	0	0	0	0	0	0	0	0	0	0	0	0	0	0	0	0	0	0	0	0	0	0	0	0	0	0	0	0	0	0	0	0	0	1	0	0	0	0	0	0	0	0	1	0	0	0	0	0	2	0	0	0	0	0	0	0	0	0	0	0	0	0	0	0	0	0	0	0	0	0	0	0	0	0	0	0	0	0	0	0	0	0	0	0	0	0	0	0	0	0	0	0	0	0	0	0	0	0	0	1	0	0	0	0	0	0	0	0	0	0	0	0	0	0	0	0	0	0	0	0	0	0	0	0	0	0	0	0	0	0	0	0	0	0	0	0	0	0	0	0	0	0	0	0	0	0	0	0	0	0	0	0	0	0	0	0	0	0	0	0	0	0	0	0	0	0	0	0	0	0	0	0	0	0	0	0	0	0	0	0	0	0	0	0	0	0	0	0	0	0	0	0	0	0	0	0	0	0	0	0	0	0	0	0	0	0	0	0	0	0	0	0	0	0	0	0	0	0	0	0	0	0	0	0	0	0	0	0	0	0	0	0	0	0	0	0	0	0	0	0	0	0	0	0	0	0	0	0	0	0	0	0	0	0	0	0	0	0	0	0	0	0	0	0	0	0	0	0	0	0	0	0	0	0	0	0	0	0	0	0	0	0	0	0	0	0	0	0	0	0	0	0	0	0	0	0	0	0	0	0	0	0	0	0	0	0	0	0	0	0	0	0	0	0	0	0	0	0	0	0	0	0	0	0	0	0	0	0	0	0	0	0	0	0	0	0	0	0	0	0	0	0	0	0	0	0	0	0	0	0	0	0	0	0	0	0	0	0	0	0	0	0	0	0	0	0	0	0	0	0	0	0	0	0	0	0	0	0	0	0	0	0	0	0	0	0	0	0	0	0	0	0	0	0	0	0	0	0	0	0	0	0	0	0	0	0	0	0	0	0	0	0	0	0	0	0	0	0	0	0	0	0	0	0	0	0	0	0	0	0	0	0	0	0	0	0	0	0	0	0	0	0	0	0	0	0	0	0	0	0	0	0	0	0	0	0	0	0	0	0	0	0	0	0	0	0	0	0	0	0	0	0	0	0	0	0	0	0	0	0	0	0	0	0	0	0	0	0	0	0	0	0	0	0	0	0	0	0	0	0	0	0	0	0	0	0	0	0	0	0	0	0	0	0	0	0	0	0	0	0	0	0	0	0	0	0	0	0	0	0	0	0	0	0	0	0	0	0	0	0	0	0	0	0	0	0	0	0	0	0	0	0	0	0	0	0	0	0	0	0	0	0	0	0	0	0	0	0	0	0	0	0	0	0	0	0	0	0	0	0	0	0	0	0	0	0	0	0	0	0	0	0	0	0	0	0	0	0	0	0	0	0	0	0	0	0	0	0	0	0	0	0	0	0	0	0	0	0	0	0	0	0	0	0	0	0	0	0	0	0	0	0	0	0	0	0	0
Bacteria	Candidatus_Tectomicrobia	0	411	0	0	0	0	0	0	0	0	0	0	0	0	0	0	0	0	0	0	0	0	0	0	3	3	0	0	0	0	0	0	0	0	0	0	0	0	0	0	0	1	0	0	0	0	2	0	0	0	0	0	2	4	0	0	0	0	0	0	0	0	0	0	0	0	7	0	0	0	0	0	0	0	0	0	0	0	0	0	0	1	0	0	1	0	0	0	0	0	0	0	0	0	0	0	0	1	0	0	0	0	0	0	0	0	4	0	0	0	0	0	0	0	0	0	8	0	0	0	0	0	0	1	0	0	0	0	0	1	0	0	0	0	0	0	0	0	0	0	0	0	0	0	0	0	0	0	0	0	0	0	0	0	0	0	0	0	0	0	0	0	0	0	0	0	15	0	0	0	0	0	0	0	0	0	14	0	0	0	0	0	0	0	1	0	0	0	0	0	0	0	0	0	1	0	0	0	0	0	0	0	2	0	0	0	0	0	0	9	0	0	0	0	1	0	0	0	0	1	1	0	0	0	0	0	0	13	0	1	0	0	4	0	0	0	0	0	0	0	0	0	0	0	0	0	0	0	0	0	0	0	0	0	0	0	0	0	0	0	0	0	0	0	0	0	1	0	0	0	0	0	0	0	0	0	0	0	0	0	0	0	0	0	0	0	1	0	0	0	0	35	0	0	0	0	0	0	0	0	0	2	0	0	0	0	0	0	3	0	0	0	0	0	0	0	0	0	7	0	9	0	0	0	0	0	0	1	0	0	0	0	0	0	0	0	0	0	0	0	0	0	0	0	0	0	0	0	5	0	0	0	0	0	0	0	0	0	0	0	0	0	0	0	0	0	2	0	0	0	0	0	0	0	0	1	0	0	0	0	0	0	0	7	0	0	0	0	0	0	0	0	0	0	0	0	0	2	0	0	0	3	0	0	0	0	0	0	0	0	0	0	0	0	0	0	0	0	0	0	0	5	0	0	0	0	0	0	0	0	0	19	0	0	1	0	0	0	0	0	0	0	0	0	0	0	0	0	0	0	0	0	0	0	80	0	0	0	0	0	0	0	0	0	0	0	0	0	0	0	0	0	1	0	0	0	0	33	0	1	1	0	0	0	0	0	0	0	0	0	2	0	1	0	0	0	0	0	0	0	0	0	0	0	0	0	0	0	0	0	0	15	307	0	0	0	0	0	0	0	0	0	0	0	20	0	0	0	0	0	0	0	0	22	0	0	0	0	0	0	0	0	0	0	0	0	0	0	0	0	0	0	0	14	0	4	0	0	0	0	0	0	0	7	0	20	0	5	0	0	1	0	0	0	73	0	0	0	0	0	10	0	0	0	0	0	0	0	0	0	3	0	3	0	0	0	0	0	1	0	0	24	0	0	0	0	0	0	0	0	0	0	0	0	5	12	0	17	0	29	0	0	24	0	0	0	0	1	0	0	0	0	0	30	0	0	0	9	0	0	0	1	0	0	0	5	110	1	2	20	0	1	1	6	0	0	0	20	0	0	0	0	0	43	0	8	0	0	0	0	0	0	0	0	1	0	0	0	0	0	0	0	0	0	2	0	88	0	0	0	0	0	0	0	0	0	0	0	0	0	4	0	0	0	0	5	0	0	0	0	0	0	0	0	0	0	0	0	0	0	0	0	0	0	0	25	0	0	1	0	0	3	0	0	0	0	0	0	0	0	15	0	0	0	0	0	0	0	0	1	39	0	42	0	0	1	8	0	0	0	0	1	221	0	408	0	0	0	0	785	0	0	0	0	0	0	0	102	0	0	0	0	0	0	24	0	0	3	0	0	0	0	0	0	0	0	0	12	0	0	0	0	0	0	0	0	0	0	0	0	0	0	0	0	0	0	0	0	0	0	0	0	0	0	0	0	0	0	0	0	0	0	0	0	0	0	0	0	0	0	0	0	0	0	0	0	0	0	0	0	0	0	0	0	0	0	0	0	0	0	0	0	0	0	0	0	0	0	0	0	0	0	0	0	0	0	0	0	0	0	0	0	0	0	0	0	0	0	0	0	0	0	0	0	0	0	0	0	0	0	0	0	0	0	0	0	0	0	0	0	0	0	0	0	0	0	0	0	0	0	0	0	0	0	0	0	0	1	0	0	0	0	0	0	0	0	0	0	0	0	0	0	0	0	0	0	0	0	0	0	0	0	0	0	0	0	0	0	0	0	0	0	0	0	0	0	0	0	0	0	0	0	0	0	0	0	0	0	0	0	0	0	0	0	0	0	0	0	0	0	0	0	1	0	0	0	0	0	0	0	0	0	0	0	0	0	0	0	0	0	0	0	0	0	0	0	0	0	0	0	0	0	0	0	0	0	0	0	0	0	0	0	0	0	0	0	0	0	0	0	0	0	0	0	0	0	0	0	0	0	0	0	0	0	0	0	0	0	0	0	0	0	0	0	0	0	0	0	0	0	0	0	0	0	0	0	0	0	0	0	0	0	0	0	0	0	0	0	0	0	0	0	0	0	0	0	0	0	0	0	0	0	0	0	0	0	0	0	0	0	0	0	0	0	0	0	0	0	0	0	0	0	0	0	0	0	0	0	0	0	0	0	0	0	0	0	0	0	0	0	0	0	0	0	0	0	0	0	0	0	0	0	0	0	0	0	0	0	0	0	0	0	1	0	0	0	0	0	0
Bacteria	Candidatus_Uhrbacteria	0	0	0	0	0	0	0	0	0	0	0	0	0	0	0	0	0	0	0	0	0	0	0	0	0	0	0	0	0	0	0	0	0	0	0	0	0	0	0	0	0	0	0	0	0	0	0	0	0	0	0	0	0	0	0	0	0	0	0	0	0	0	0	0	0	0	0	0	0	0	0	0	0	0	0	0	0	0	0	0	0	0	0	0	0	0	0	0	0	0	0	0	0	0	0	0	0	0	0	0	0	0	0	0	0	0	0	0	0	0	0	0	0	0	0	0	0	0	0	0	0	0	0	0	0	0	0	0	0	0	0	0	0	0	0	0	0	0	0	0	0	0	0	0	0	0	0	0	0	0	0	0	0	0	0	0	0	0	0	0	0	0	0	0	0	0	0	0	0	0	0	0	0	0	0	0	0	0	0	0	0	0	0	0	0	0	0	0	0	0	0	0	0	0	0	0	0	0	0	0	0	0	0	0	0	0	0	0	0	0	0	0	0	0	0	0	0	0	0	0	0	0	0	0	0	0	0	0	0	0	0	0	0	0	0	0	0	0	0	0	0	0	0	0	0	0	0	0	0	0	0	0	0	0	0	0	0	0	0	0	0	0	0	0	0	0	0	0	0	0	0	0	0	0	0	0	0	0	0	0	0	0	0	0	0	0	0	0	0	0	0	0	0	0	0	0	0	0	0	0	0	4	0	0	0	0	0	0	0	0	0	0	0	0	0	0	0	0	0	0	0	0	0	0	0	0	0	0	0	0	0	0	0	0	0	0	0	0	0	0	0	0	0	0	0	0	0	0	0	0	0	0	0	0	0	0	0	0	0	0	0	0	0	0	0	0	0	0	0	0	0	0	0	0	0	0	0	0	0	0	0	0	0	0	0	0	0	0	0	0	0	0	0	0	0	0	0	0	0	0	0	0	0	0	0	0	0	0	0	0	0	0	0	0	0	0	0	0	0	0	0	0	0	0	0	0	0	0	0	0	0	0	0	0	0	0	0	0	0	0	0	0	0	0	0	0	0	0	0	0	0	0	0	0	0	0	0	0	0	0	0	0	0	0	0	0	0	0	0	0	0	0	0	0	0	0	0	0	0	0	0	0	0	0	0	0	0	0	0	0	0	0	0	0	0	0	0	0	0	0	0	0	0	0	0	0	0	0	0	0	0	0	0	0	0	0	0	0	0	0	0	0	0	0	0	0	0	0	0	0	0	0	0	0	0	0	0	0	0	0	0	0	0	0	0	0	0	0	0	0	0	0	0	0	0	0	0	0	0	0	0	0	0	0	0	0	0	0	0	0	0	0	0	0	0	0	0	0	0	0	1	0	0	0	0	0	0	0	0	0	0	0	0	0	0	0	0	0	0	0	0	0	0	0	0	0	0	0	0	0	0	0	0	0	0	0	0	0	0	0	0	0	0	0	0	0	0	0	0	0	0	0	0	0	0	0	0	0	0	0	0	0	0	0	0	0	0	0	0	0	0	0	0	0	0	0	0	0	0	0	0	0	0	0	0	0	0	0	0	0	0	0	0	0	0	0	0	0	0	0	0	0	0	0	0	0	0	0	0	0	0	0	0	0	0	0	0	0	0	0	0	0	0	0	0	0	0	0	0	0	0	0	0	0	0	0	0	0	0	0	0	0	0	0	0	0	0	0	0	0	0	0	0	0	0	0	0	0	0	0	0	0	0	0	0	0	0	0	0	0	0	0	0	0	0	0	0	0	0	0	0	0	0	0	0	0	0	0	0	0	0	0	0	0	0	0	0	0	0	0	0	0	0	0	0	0	0	0	0	0	0	0	0	0	0	0	0	0	0	0	0	0	0	0	0	0	0	0	0	0	0	0	0	0	0	0	0	0	0	0	0	0	0	0	0	0	0	0	0	0	0	0	0	0	0	0	0	0	0	0	0	0	0	0	0	0	0	0	0	0	0	0	0	0	0	0	0	0	0	0	0	0	0	0	0	0	0	0	0	0	0	0	0	0	0	0	0	0	0	0	0	0	0	0	0	0	0	0	0	0	0	0	0	0	0	0	0	0	0	0	0	0	0	0	0	0	0	0	0	0	0	0	0	0	0	0	0	0	0	0	0	0	0	0	0	0	0	0	0	0	0	0	0	0	0	0	0	0	0	0	0	0	0	0	0	0	0	0	0	0	0	0	0	0	0	0	0	0	0	0	0	0	0	0	0	0	0	0	0	0	0	0	0	0	0	0	0	0	0	0	0	0	0	0	0	0	0	0	0	0	0	0	0	0	0	0	0	0	0	0	0	0	0	0	0	0	0	0	0	0	0	0	0	0	0	0	0	0	0	0	0	0	0	0	0	0	0	0	0	0	0	0	0	0	0	0	0	0	0	0	0	0	0	0	0	0	0	0	0	0	0	0	0	0	0	0	0	0	0	0	0	0	0	0	0	0	0	0	0	0	0	0	0	0	0	0	0	0	0	0	0	0	0	0	0	0	0	0	0	0	0	0	0	0	0	0	0	0	0	0	0	0	0	0	0	0	0	0	0	0	0	0	0	0	0	0	0	0	0	0	0	0	0	0	0	0	0	0	0	0	0	0	0	0	0	0	0	0	0	0	0	0	0	0	0	0	0	0	0	0	0	0	0	0	0	0	0	0	0	0	0	0	0	0	0	0	0	0	0
Bacteria	Chlamydiae	0	0	0	0	0	0	0	0	0	0	0	0	0	0	0	0	0	0	0	0	0	0	0	0	0	0	0	0	0	0	0	0	0	0	0	0	0	0	0	0	0	0	0	0	0	0	2	0	0	0	0	0	0	0	0	0	0	0	0	0	0	0	0	0	0	0	0	0	0	0	0	0	0	0	0	0	0	0	0	0	0	1	0	0	0	0	0	0	0	0	0	0	0	0	0	0	0	0	0	0	0	0	0	0	0	0	0	0	0	0	0	0	0	0	0	0	0	0	0	0	0	0	0	0	0	0	0	0	0	0	0	0	0	0	0	0	0	0	0	0	0	0	0	0	0	0	0	0	0	0	0	0	0	0	0	0	0	0	0	0	0	0	0	0	0	0	0	0	0	0	0	0	0	0	0	0	0	0	0	0	0	0	0	0	0	0	0	0	0	0	0	0	0	0	0	0	0	0	0	0	0	0	0	0	0	0	0	1	0	0	0	0	0	0	1	0	0	0	0	2	0	0	0	0	0	0	0	0	0	0	0	0	0	0	0	0	0	0	0	0	0	0	0	0	0	0	0	0	0	0	0	0	0	0	0	0	0	0	0	0	0	0	0	0	0	0	0	0	0	0	0	0	0	0	0	0	0	0	0	0	0	0	0	0	0	0	0	0	0	0	0	0	0	0	0	0	0	0	0	0	0	0	0	0	0	0	0	0	0	0	0	0	0	0	0	0	0	0	0	0	0	0	0	0	0	0	0	0	0	0	0	0	0	0	0	0	0	0	0	0	0	0	0	0	0	0	0	0	0	0	0	0	0	0	0	0	0	0	0	0	0	0	0	0	1	0	0	0	0	0	0	0	0	0	1	0	0	0	0	0	0	0	0	1	0	0	0	0	0	0	0	0	0	0	0	0	0	0	0	0	0	0	0	0	0	0	0	0	0	0	0	0	0	0	0	0	0	0	0	0	0	0	0	0	0	0	0	0	0	0	0	0	0	0	0	0	0	0	0	0	0	0	0	0	0	0	0	0	0	0	0	0	0	0	0	0	0	0	0	0	0	0	0	0	0	0	0	0	0	0	0	0	0	0	0	0	0	0	0	0	0	0	0	0	0	0	0	0	0	0	0	0	0	0	0	0	0	0	0	0	0	0	0	0	0	0	0	0	0	0	0	0	0	0	0	0	0	0	0	0	0	0	0	0	1	0	0	0	0	0	0	0	0	0	0	0	0	0	0	0	0	0	0	0	0	0	0	0	0	0	0	0	0	0	0	0	0	0	0	0	0	0	0	0	0	1	0	0	0	0	0	0	0	0	0	0	1	0	2	0	2	0	0	0	0	0	0	0	0	0	0	0	0	0	0	0	0	0	0	0	0	0	0	0	0	0	0	0	0	0	0	0	0	0	0	0	0	0	0	0	0	0	2	0	0	0	0	1	0	0	0	0	0	0	0	0	0	0	0	0	0	0	0	0	0	2	0	0	0	0	0	0	0	0	0	0	0	0	0	0	0	0	0	0	0	0	0	0	0	0	0	0	0	0	0	0	0	0	0	0	0	0	0	0	0	0	0	0	0	0	0	0	0	0	0	0	0	0	0	0	0	0	0	0	0	0	0	0	0	0	0	0	0	0	0	0	0	0	0	0	0	0	0	0	0	0	0	0	0	0	0	0	0	0	0	0	0	0	0	0	0	0	0	0	0	0	0	0	0	0	0	0	0	0	0	0	0	0	0	0	0	0	0	0	0	1	0	0	0	0	0	0	0	0	0	0	0	0	0	0	0	0	0	0	0	0	0	0	0	0	0	0	0	0	0	0	0	0	0	0	0	0	0	0	0	0	0	0	0	0	0	0	0	0	0	0	0	0	0	0	0	0	0	0	0	0	0	0	0	0	0	0	0	0	0	0	0	0	0	0	0	0	0	0	0	0	0	0	0	0	0	0	0	0	0	0	0	0	0	0	0	0	0	0	0	0	0	0	0	0	0	0	0	0	0	0	0	0	0	0	0	0	0	0	0	0	0	0	0	0	0	0	0	0	0	0	0	0	0	0	0	0	0	0	0	0	0	0	0	0	0	0	0	0	0	0	0	0	0	0	0	0	0	0	0	0	0	0	0	0	0	0	0	0	0	0	0	0	0	0	0	0	0	0	0	0	0	0	0	0	0	0	0	0	0	0	0	0	0	0	0	0	0	0	0	0	0	0	0	0	0	0	0	0	0	0	0	0	0	0	0	0	0	0	0	0	0	0	0	0	0	0	0	0	0	0	0	0	0	0	0	0	0	0	0	0	0	0	0	0	0	0	0	0	0	0	0	0	0	0	0	0	0	0	0	0	0	0	0	0	0	0	0	0	0	0	0	0	0	0	0	0	0	0	0	0	0	0	0	0	0	0	0	0	0	0	0	0	0	0	0	0	0	0	0	0	0	0	0	0	0	0	0	0	0	0	0	0	0	0	0	0	0	0	0	0	0	0	0	0	0	0	0	0	0	0	0	0	0	0	0	0	0	0	1	0	0	0	0	0	0	0	0	0	0	0	0	0	0	0	0	0	0	0	0	0	0	0	0	0	0	0	0	0	0	0	0	0	0	0	0	0	0	0	0	0	0	0	0	0	0	0	0	0	0	0	0	0	0	0	0	0	0	0	0	0	0	0	0
Bacteria	Chlorobi	0	0	0	0	0	0	0	0	0	0	0	0	0	0	0	0	0	0	0	0	0	0	0	0	0	0	0	0	0	0	0	0	0	0	0	0	0	0	0	0	0	0	0	0	0	0	0	0	0	0	0	0	0	0	0	0	0	0	0	0	0	0	0	0	0	0	0	0	0	0	0	0	0	0	0	0	0	0	0	0	0	0	0	0	0	0	0	0	0	0	0	0	0	0	0	0	0	0	0	0	0	0	0	0	0	0	0	0	0	0	0	0	0	0	0	0	0	0	0	0	0	0	0	0	0	0	0	0	0	0	0	0	0	0	0	0	0	0	0	0	0	0	0	0	0	0	0	0	0	0	0	0	0	0	0	0	0	0	0	0	0	0	0	0	0	0	0	0	0	0	0	0	0	0	0	0	0	0	0	0	0	0	0	0	0	0	0	0	0	0	0	0	0	0	0	0	0	0	0	0	0	0	0	0	0	0	0	0	0	0	0	0	0	0	0	0	0	0	0	0	0	0	0	0	0	0	0	0	0	0	0	0	0	0	0	0	0	0	0	0	0	0	0	0	0	0	0	0	0	0	0	0	0	0	0	0	0	0	0	0	0	0	0	0	0	0	0	0	0	0	0	0	0	0	0	0	0	0	0	0	0	0	0	0	0	0	0	0	0	0	0	0	0	0	0	0	0	0	0	0	0	0	0	0	0	0	0	0	0	0	0	0	0	0	0	0	0	0	0	0	0	0	0	0	0	0	0	0	0	0	0	0	0	0	0	0	0	0	0	0	0	0	0	0	0	0	0	0	0	0	0	0	0	0	0	0	0	0	0	0	0	0	0	0	0	0	0	0	0	0	0	0	0	0	0	0	0	0	0	0	0	0	0	0	0	0	0	0	0	0	0	0	0	0	0	0	0	0	0	0	0	0	0	0	0	0	0	0	0	0	0	0	0	0	0	0	0	0	0	0	0	0	0	0	0	0	0	0	0	0	0	0	0	0	0	0	0	0	0	0	0	0	0	0	0	0	0	0	0	0	0	0	0	0	0	0	0	0	0	0	0	0	0	0	0	0	0	0	0	0	0	0	0	0	0	0	0	0	0	0	0	0	0	0	0	0	0	0	0	0	0	0	0	0	0	0	0	0	0	0	0	0	0	0	0	0	0	0	0	0	0	0	0	0	0	0	0	0	0	0	0	0	0	0	0	0	0	0	0	0	0	0	0	0	0	0	0	0	0	0	0	0	0	0	0	0	0	0	0	0	0	0	0	0	0	0	0	0	0	0	0	0	0	0	0	0	0	0	0	0	0	0	0	0	0	0	0	0	0	0	0	0	0	0	0	0	0	0	0	0	0	0	0	0	0	0	0	0	0	0	0	0	0	0	0	0	0	0	0	0	0	0	0	0	0	0	0	0	0	0	0	0	0	0	0	0	0	0	0	0	0	0	0	0	0	0	0	0	0	0	0	0	0	0	0	0	0	0	0	0	0	0	0	0	0	0	0	0	0	0	0	0	0	0	0	0	0	0	0	0	0	0	0	0	0	0	0	0	0	0	0	0	0	0	0	0	0	0	0	0	0	0	0	0	0	0	0	0	0	0	0	0	0	0	0	0	0	0	0	0	0	0	0	0	0	0	0	0	0	0	0	0	0	0	0	0	0	0	0	0	0	0	0	0	0	0	0	0	0	0	0	0	0	0	0	0	0	0	0	0	0	0	0	0	0	0	0	0	0	0	0	0	0	0	0	0	0	0	0	0	0	0	0	0	0	0	0	0	0	0	0	0	0	0	0	0	0	0	0	0	0	0	0	0	0	0	1	0	0	0	0	0	0	0	0	0	0	0	0	0	0	0	0	0	0	0	0	0	0	0	0	0	0	0	0	0	0	0	0	0	0	0	0	0	0	0	0	0	0	0	0	0	0	0	0	0	0	0	0	0	0	0	0	0	0	0	0	0	0	0	0	0	0	0	0	0	0	0	0	0	0	0	0	0	0	0	0	0	0	0	0	0	0	0	0	0	0	0	0	0	0	0	0	0	0	0	0	0	0	0	0	0	0	0	0	0	0	0	0	0	0	0	0	0	0	0	0	0	0	0	0	0	0	0	0	0	0	0	0	0	0	0	0	0	0	0	0	0	0	0	0	0	0	0	0	0	0	0	0	0	0	0	0	0	0	0	0	0	0	0	0	0	0	0	0	0	0	0	0	0	0	0	0	0	0	0	0	0	0	0	0	0	0	0	0	0	0	0	0	0	0	0	0	0	0	0	0	0	0	0	0	0	0	0	0	0	0	0	0	0	0	0	0	0	0	0	0	0	0	0	0	0	0	0	0	0	0	0	0	0	0	0	0	0	0	0	0	0	0	0	0	0	0	0	0	0	0	0	0	0	0	0	0	0	0	0	0	0	0	0	0	0	0	0	0	0	0	0	0	0	0	0	0	0	0	0	0	0	0	0	0	0	0	0	0	0	0	0	0	0	0	0	0	0	0	0	0	0	0	0	0	0	0	0	0	0	0	0	0	0	0	0	0	0	0	0	0	0	0	0	0	0	0	0	0	0	0	0	0	0	0	0	0	0	0	0	0	0	0	0	0	0	0	0	0	0	0	0	0	0	0	0	0	0	0	0	0	0	0	0	0	0	0	0	0	0	0	0	0
Bacteria	Chloroflexi	0	23	0	0	4	3	0	0	0	0	6	0	0	0	0	0	0	2	2	0	0	0	0	0	0	0	0	0	0	0	0	0	0	0	0	1	0	0	2	0	0	0	0	0	0	0	0	0	0	0	0	0	0	1	1	0	1	3	6	0	0	0	0	0	2	1	2	0	0	0	0	0	0	1	0	0	1	0	0	0	0	2	0	0	4	0	0	0	0	0	2	0	0	1	0	2	0	0	1	0	0	3	0	0	0	0	0	0	27	0	0	0	1	0	0	2	0	0	0	0	0	0	0	1	0	0	0	0	0	2	0	0	0	0	0	0	1	0	0	0	0	0	0	0	0	0	0	0	0	0	0	3	0	1	0	0	7	0	0	1	0	0	3	3	0	2	1	0	0	0	0	1	0	0	2	0	0	0	0	5	0	0	0	0	0	0	0	0	0	0	0	0	2	0	2	0	0	4	0	0	0	3	0	3	0	0	1	9	0	0	0	2	1	0	0	0	0	0	0	0	0	1	0	0	0	0	0	1	0	2	0	25	6	0	0	0	0	0	1	0	0	0	6	0	0	0	0	0	1	0	2	0	0	0	1	1	0	0	0	1	1	0	0	0	0	0	2	0	0	0	0	0	2	0	0	6	0	0	0	0	28	0	17	0	0	5	1	6	1	0	3	2	0	2	0	0	2	0	0	0	4	2	0	0	0	0	0	0	1	10	16	1	0	1	0	0	0	0	1	0	0	0	0	0	0	0	0	0	1	0	2	0	0	0	1	0	0	0	0	7	1	0	0	0	0	2	0	1	0	1	0	0	0	0	2	0	0	0	0	0	2	1	0	0	0	0	0	0	0	0	0	0	0	1	2	0	0	0	0	2	0	0	0	0	0	0	0	0	0	0	2	0	0	0	0	0	0	3	2	0	0	1	0	1	1	0	2	3	0	3	0	0	0	0	0	0	0	0	0	0	0	0	0	0	0	0	0	0	0	0	0	2	0	0	0	1	0	0	0	5	0	0	0	0	0	0	0	0	0	0	1	0	0	0	3	0	2	0	0	0	0	0	0	14	0	0	0	0	4	2	0	0	0	0	0	0	0	5	0	0	1	0	0	0	0	0	0	0	0	0	0	0	29	0	0	0	0	0	0	0	1	0	0	0	0	0	0	0	0	0	22	1	10	0	96	0	84	0	0	0	0	3	0	0	0	1	0	0	3	12	4	3	0	0	0	0	0	5	0	0	2	0	0	75	0	0	0	1	10	0	0	0	2	16	11	1	0	0	10	0	0	0	0	1	0	10	0	1	0	0	17	1	0	0	7	3	5	1	10	2	1	0	0	0	0	4	8	0	2	0	13	4	0	13	0	0	17	4	1	17	0	2	0	3	3	0	0	0	0	1	0	0	0	0	464	5	0	9	112	1	9	0	3	0	0	0	0	0	4	0	0	5	0	1	183	0	0	12	4	3	2	2	0	11	2	11	30	1	2	5	0	33	2	579	17	0	19	3	0	0	0	2	19	13	1	1	4	14	41	0	18	27	1	0	12	0	0	2	2	2	1	2	1	0	5	0	2	4	0	181	0	1	0	9	0	0	0	28	2	0	852	2	0	0	0	8	165	18	0	20	56	0	0	1	1	0	6	5	0	0	3	0	0	0	1	3	1	1	1	22	0	6	29	1	115	0	7	34	0	0	1	21	2	0	0	0	0	0	2	2	0	6	14	5	4	133	1	0	0	0	0	5	11	2	22	2	0	0	0	70	0	0	0	0	0	0	0	14	0	0	0	6	0	4	3	0	54	1	0	23	4	0	0	0	1	0	3	3	0	4	0	1	0	0	0	0	0	40	0	14	0	0	2	0	0	1	5	71	4	26	0	0	0	7	0	0	0	0	0	0	1	0	1	0	0	0	4	2	0	1	0	2	0	74	1	1	0	0	0	0	2	3	0	0	0	0	14	0	1	3	0	1	0	0	0	0	0	0	0	1	0	0	0	10	1	1	5	0	0	0	2	5	0	1	0	0	0	0	4	0	3	0	3	0	0	14	0	1	0	1	0	2	0	1	2	0	0	1	0	0	0	0	0	0	0	0	0	1	4	1	0	3	0	1	0	0	9	51	0	0	0	0	0	5	0	1	1	1	5	0	0	0	17	0	0	0	0	0	0	0	1	0	0	0	0	2	0	3	0	1	0	0	62	0	4	0	0	0	0	0	2	1	0	0	0	3	0	0	0	0	0	0	0	0	1	3	0	0	0	13	3	0	13	0	0	0	0	1	1	2	0	2	1	0	9	1	0	0	0	165	0	0	0	2	0	0	0	0	0	0	0	0	0	0	0	0	0	0	0	0	1	0	0	2	0	0	0	276	0	0	5	2	0	0	1	0	4	0	1	0	6	6	1	1	0	1	0	4	0	0	0	0	2	3	0	1	0	1	1	0	0	13	2	0	0	0	0	0	9	0	0	0	1	0	0	0	0	0	0	2	1	15	12	0	5	0	3	9	0	2	0	1	0	0	1	1	0	0	4	0	0	0	0	0	0	2	0	0	0	0	6	2	9	0	0	0	0	156	2	1	0	0	0	0	0	0	1	2	0	0	0	4	0	0	0	0	0	0	1	0	0	0	0	1	0	0	0	0	3	0	2	0	7	0	0	0	0	1	0
Bacteria	Chrysiogenetes	0	0	0	0	0	0	0	0	0	0	0	0	0	0	0	0	0	0	0	0	0	0	0	0	0	0	0	0	0	0	0	0	0	0	0	0	0	0	0	0	0	0	0	0	0	0	0	0	0	0	0	0	0	0	0	0	0	0	0	0	0	0	0	0	0	0	0	0	0	0	0	0	0	0	0	0	0	0	0	0	0	0	0	0	0	0	0	0	0	0	0	0	0	0	0	0	0	0	0	0	0	0	0	0	0	0	0	0	0	0	0	0	0	0	0	0	0	0	0	0	0	0	0	0	0	0	0	0	0	0	0	0	0	0	0	0	0	0	0	0	0	0	0	0	0	0	0	0	0	0	0	0	0	0	0	0	0	0	0	0	0	0	0	0	0	0	0	0	0	0	0	0	0	0	0	0	0	0	0	0	0	0	0	0	0	0	0	0	0	0	0	0	0	0	0	0	0	0	0	0	0	0	0	0	0	0	0	0	0	0	0	0	0	0	0	0	0	0	0	0	0	0	0	0	0	0	0	0	0	0	0	0	0	0	0	0	0	0	0	0	0	0	0	0	0	0	0	0	0	0	0	0	0	0	0	0	0	0	0	0	0	0	0	0	0	0	0	0	0	0	0	0	0	0	0	0	0	0	0	0	0	0	0	0	0	0	0	0	0	0	0	0	0	0	0	0	0	0	0	0	0	0	0	0	0	0	0	0	0	0	0	0	0	0	0	0	0	0	1	0	0	0	0	0	0	0	0	0	0	0	0	0	0	0	0	0	0	0	0	0	0	0	0	0	0	0	0	0	0	0	0	0	0	0	0	0	0	0	0	0	0	0	0	0	0	0	0	0	0	0	0	0	0	0	0	0	0	0	0	0	0	0	0	0	0	0	0	0	0	0	0	0	0	0	0	0	0	0	0	0	0	0	0	0	0	0	0	0	0	0	0	0	0	0	0	0	0	0	0	0	0	0	0	0	0	0	0	0	0	0	0	0	0	0	0	0	0	0	0	0	0	0	0	0	0	0	0	0	0	0	0	0	0	0	0	0	0	0	0	0	0	0	0	0	0	0	0	0	0	0	0	0	0	0	0	0	0	0	0	0	0	0	0	0	0	0	0	0	0	0	0	0	0	0	0	0	0	0	0	0	0	0	0	0	0	0	0	0	0	0	0	0	0	0	0	0	0	0	0	0	0	0	0	0	0	0	0	0	0	0	0	0	0	0	0	0	0	0	0	0	0	0	0	0	0	0	0	0	0	0	0	0	0	0	0	0	0	0	0	0	0	0	0	0	0	0	0	0	0	0	0	0	0	0	0	0	0	0	0	0	0	0	0	0	0	0	0	0	0	0	0	0	0	0	0	0	0	0	0	0	0	0	0	0	0	0	0	0	0	0	0	0	0	0	0	0	0	0	0	0	0	0	0	0	0	0	0	0	0	0	0	0	0	0	0	0	0	0	0	0	0	0	0	0	0	0	0	0	0	0	0	0	0	0	0	0	0	0	0	0	0	0	0	0	0	0	0	0	0	0	0	0	0	0	0	0	0	0	0	0	0	0	0	0	0	0	0	0	0	0	0	0	0	0	0	0	0	0	0	0	0	0	0	0	0	0	0	0	0	0	0	0	0	0	0	0	0	0	0	0	0	0	0	0	0	0	0	0	0	0	0	0	0	0	0	0	0	0	0	0	0	0	0	0	0	0	0	0	0	0	0	0	0	0	0	0	0	0	0	0	0	0	0	0	0	0	0	0	0	0	0	0	0	0	0	0	0	0	0	0	0	0	0	0	0	0	0	0	0	0	0	0	0	0	0	0	0	0	0	0	0	0	0	0	0	0	0	0	0	0	0	0	0	0	0	0	0	0	0	0	0	0	0	0	0	0	0	0	0	0	0	0	0	0	0	0	0	0	0	0	0	0	0	0	0	0	0	0	0	0	0	0	0	0	0	0	0	0	0	0	0	0	0	0	0	0	0	0	0	0	0	0	0	0	0	0	0	0	0	0	0	0	0	0	0	0	0	0	0	0	0	0	0	0	0	0	0	0	0	0	0	0	0	0	0	0	0	0	0	0	0	0	0	0	0	0	0	0	0	0	0	0	0	0	0	0	0	0	0	0	0	0	0	0	0	0	0	0	0	0	0	0	0	0	0	5	0	0	0	0	0	0	0	0	0	0	0	0	0	0	0	0	0	0	0	0	0	0	0	0	0	0	0	0	0	0	0	0	0	0	0	0	0	0	0	0	0	0	0	0	0	0	0	0	0	0	0	0	0	0	0	0	0	0	0	0	0	0	0	0	0	0	0	0	0	0	0	0	0	0	0	0	0	0	0	0	0	0	0	0	0	0	0	0	0	0	0	0	0	0	0	0	0	0	0	0	0	0	0	0	0	0	0	0	0	0	0	0	0	0	0	0	0	0	0	0	0	0	0	0	0	0	0	0	0	0	0	0	0	0	0	0	0	0	0	0	0	0	0	0	0	0	0	0	0	0	0	0	0	0	0	0	0	0	0	0	0	0	0	0	0	0	0	0	0	0	0	0	0	0	0	0	0	0	0	0	0	0	0	0	0	0	0	0	0	0	0	0	0	0	0	0	0	0	0	0	0	0	0	0	0	0	0	0	0	0	0	0	0	0	0	0	0	0	0	0	0	0	0
Bacteria	Cyanobacteria	0	5	3	0	2	0	0	0	0	0	0	0	4	0	0	0	0	0	0	0	6	0	0	0	0	0	0	1	0	0	0	5	0	0	0	2	0	1	2	0	0	0	9	2	0	0	37	0	0	4	0	0	3	0	0	0	0	4	0	2	0	0	0	0	1	1	5	1	0	8	0	0	0	0	0	1	1	5	0	0	0	0	0	0	3	0	0	4	0	0	2	0	0	0	0	9	0	0	8	0	0	0	0	0	0	1	0	4	0	0	1	1	0	11	12	0	0	0	1	0	0	1	0	0	0	1	1	0	0	10	4	0	0	4	0	0	0	1	0	0	0	0	0	0	1	0	0	1	0	0	2	0	3	3	0	0	1	0	0	0	0	0	0	1	0	1	4	0	0	0	0	5	0	1	0	1	0	4	0	1	0	0	0	3	0	0	0	0	0	0	0	0	0	0	4	1	0	1	2	0	0	5	2	0	1	0	0	1	4	0	1	9	0	1	2	0	0	0	0	2	0	0	2	0	0	0	0	10	0	0	1	1	119	0	0	0	0	0	0	1	0	1	0	0	0	0	0	0	0	33	0	0	0	0	0	10	0	1	2	6	0	0	0	0	0	2	4	4	0	0	0	0	0	0	3	0	1	0	0	3	0	0	3	0	0	1	4	3	5	0	4	5	1	2	3	3	78	0	0	0	21	11	0	0	0	0	0	0	5	0	3	1	0	3	1	0	0	3	6	0	3	0	0	3	11	0	1	4	0	0	0	0	0	0	15	0	0	0	0	16	0	0	1	0	0	0	2	0	3	34	0	0	2	0	1	0	4	0	0	1	0	3	0	0	0	1	0	0	1	0	0	1	0	0	1	1	0	0	0	2	0	0	0	2	1	0	0	1	4	0	0	0	19	2	1	0	0	37	5	0	1	0	0	3	0	0	3	6	0	1	0	0	0	0	0	0	0	2	0	0	1	0	0	0	1	0	0	0	1	1	0	4	1	0	0	9	0	0	0	1	0	0	0	0	5	6	0	0	0	0	1	0	0	4	8	2	0	7	0	0	0	1	0	5	0	0	0	4	0	0	0	0	5	0	1	0	0	0	1	0	0	0	0	0	0	3	0	0	6	0	0	0	161	0	0	1	0	1	2	0	2	0	0	0	78	0	0	0	0	0	0	3	0	1	1	2	2	0	0	0	0	42	3	10	1	0	0	1	38	0	0	18	2	3	0	0	0	0	0	1	0	0	0	0	0	0	0	1	0	0	0	0	13	0	2	1	9	0	2	0	9	0	0	1	0	6	0	12	0	5	5	0	2	0	0	0	12	1	3	6	8	0	0	0	1	3	0	0	2	12	3	39	1	2	0	0	0	1	0	6	1	0	8	0	6	0	1	0	1	4	0	0	0	21	3	9	0	1	0	0	0	0	4	4	1	0	0	7	0	0	0	8	0	0	0	0	0	0	0	0	1	0	0	5	1	9	5	6	7	1	0	4	3	4	2	1	1	4	1	0	0	6	0	0	0	7	0	0	1	1	1	1	11	0	3	1	0	0	2	4	0	6	15	0	14	0	0	1	1	1	1	1	0	4	1	0	1	0	0	0	3	2	14	2	1	0	2	2	0	6	1	0	0	3	2	0	4	0	0	0	1	0	0	2	0	7	0	6	10	2	1	5	0	0	0	0	1	0	10	1	3	0	0	0	0	0	1	1	2	0	3	0	1	4	0	1	2	0	0	1	0	8	11	0	1	4	0	0	0	4	0	0	7	0	0	1	0	1	1	0	1	7	2	0	2	2	1	0	3	0	3	40	1	0	2	1	1	10	0	0	0	3	5	3	0	0	1	8	0	17	0	10	0	0	0	0	1	0	11	0	0	0	2	0	4	0	0	0	0	8	13	0	7	0	0	2	0	8	0	16	2	2	0	7	49	0	0	0	0	0	0	9	3	4	0	0	26	0	0	3	0	0	0	0	0	0	0	2	1	4	0	0	2	0	2	6	0	0	0	13	0	0	0	0	0	0	0	2	0	3	5	0	2	0	0	1	0	0	0	1	0	0	0	0	2	0	2	0	0	0	1	0	0	14	0	7	0	2	16	114	0	0	4	0	0	1	6	0	0	0	0	0	0	1	0	1	11	0	2	0	0	0	3	0	0	0	1	0	0	0	0	0	0	0	2	15	0	2	0	5	0	0	0	0	0	0	8	0	4	0	1	0	0	0	0	0	1	0	0	0	10	5	0	0	1	2	28	0	0	75	3	0	7	0	0	1	0	1	0	1	0	6	9	8	0	4	0	0	0	0	0	9	1	1	0	1	0	0	0	0	0	0	2	0	0	15	0	3	0	0	0	0	4	1	0	0	1	0	12	0	11	12	1	0	0	0	0	0	0	0	0	33	0	2	0	5	6	0	0	0	0	0	3	0	0	0	0	4	5	11	0	0	0	0	0	0	0	57	0	0	4	0	0	18	4	0	0	0	0	0	6	0	0	0	0	2	36	1	0	20	0	0	36	0	1	0	0	6	19	0	0	1	0	0	25	5	3	6	0	0	2	0	0	0	0	0	1	0	0	0	0	2	0	1	0	3	0	0	1	1	0	0	0	13	0	0	0	0	0	31	0	0	0	8	0	15	0	4	0	0	0	97	7	4	0	5	7	0	0
Bacteria	Deferribacteres	0	0	0	0	0	0	0	0	0	0	0	0	0	0	0	0	0	0	0	0	0	0	0	0	0	0	0	0	0	0	0	0	0	0	0	0	0	0	0	0	0	0	0	0	0	0	1	0	0	0	0	0	0	0	0	0	0	0	0	0	0	0	0	0	1	0	0	0	0	0	0	0	0	0	0	0	0	0	0	0	0	0	0	0	0	0	0	2	0	0	0	0	0	0	0	1	0	0	0	0	0	0	0	0	0	0	0	0	0	0	0	0	0	0	0	0	0	0	0	0	0	0	0	0	0	0	0	0	0	0	0	0	0	0	0	0	0	0	0	0	0	0	0	0	0	0	0	0	0	0	2	0	0	0	0	0	0	0	0	0	0	0	1	0	0	0	0	0	0	0	0	0	0	0	0	0	0	0	0	0	0	0	0	0	0	0	0	0	0	0	0	0	0	0	0	0	0	0	0	0	0	0	0	0	0	0	0	1	0	0	0	0	0	0	0	0	0	0	0	0	0	0	0	0	0	0	0	0	0	0	0	0	0	0	0	0	0	0	0	0	0	0	0	0	0	0	0	0	0	0	0	0	0	0	0	0	0	0	0	0	0	0	0	0	0	0	0	4	0	0	0	0	0	0	0	0	0	0	0	0	0	0	0	0	0	0	0	1	0	0	0	0	0	0	0	0	0	0	2	0	0	0	0	0	0	0	0	0	0	0	0	0	0	0	0	0	0	0	0	0	0	0	0	0	0	0	0	0	0	0	0	0	0	0	0	0	0	0	0	0	0	0	0	0	0	0	0	0	0	0	0	0	0	0	4	0	0	0	0	0	0	0	0	0	0	0	0	0	0	0	0	0	0	0	0	0	0	0	0	0	0	0	0	0	0	0	0	0	0	0	0	1	0	0	0	0	0	0	0	0	0	0	0	0	0	0	0	0	0	0	0	0	0	0	0	0	0	0	0	0	0	0	0	0	0	0	0	0	0	0	0	0	0	0	0	0	0	0	0	0	0	0	0	0	0	0	0	0	0	0	1	0	0	0	0	0	0	0	0	0	0	0	0	2	0	0	0	0	0	0	0	0	0	0	0	0	0	0	0	0	0	0	0	0	0	0	0	0	0	0	0	0	0	0	0	0	0	0	1	0	0	0	0	0	0	0	0	0	0	0	0	0	0	0	1	0	0	0	0	0	0	0	0	1	0	0	1	1	0	0	0	0	0	0	0	0	0	0	0	1	0	0	0	8	0	0	0	0	0	0	0	0	3	0	1	0	0	0	2	0	0	0	0	0	0	0	0	0	0	0	2	0	0	0	0	0	0	0	0	0	0	0	0	0	0	0	0	0	0	0	0	0	0	0	0	0	0	0	0	0	0	0	0	0	0	0	0	0	0	0	1	0	0	0	0	0	0	0	1	0	0	0	0	0	0	0	0	0	0	0	0	0	0	0	0	0	0	4	0	0	0	1	0	0	0	1	0	0	0	0	0	1	0	0	0	0	0	0	0	0	0	0	0	0	0	0	1	0	0	0	2	0	0	0	0	0	0	0	0	0	0	0	0	0	0	0	0	2	0	0	0	0	0	0	0	0	0	0	0	0	0	1	1	0	0	0	0	0	0	0	0	0	0	0	0	0	0	1	0	0	0	0	0	1	0	0	0	0	0	0	0	0	0	0	1	0	0	1	3	1	0	0	0	0	0	0	0	0	1	0	0	0	0	0	0	1	0	0	0	0	0	0	0	0	2	0	0	0	0	0	0	0	0	0	0	0	0	0	0	0	0	0	0	2	0	0	2	0	0	0	0	0	0	0	0	0	0	0	0	0	0	0	0	0	0	0	0	0	0	0	0	0	0	0	0	0	0	0	0	0	0	0	0	0	0	0	0	0	0	0	0	0	0	0	0	0	0	0	0	0	0	0	0	0	0	0	0	0	0	0	0	0	0	0	0	0	0	0	0	0	0	0	0	0	0	0	0	0	0	0	0	0	0	0	0	0	0	0	0	0	0	0	0	0	0	0	0	0	0	2	0	0	0	0	0	0	0	0	0	0	0	0	0	0	0	0	0	0	0	0	0	0	0	0	0	0	0	0	0	0	0	0	0	0	0	0	0	0	0	0	0	0	0	0	0	0	0	0	0	0	0	0	0	0	0	0	0	0	0	0	0	0	0	0	0	0	0	0	0	0	0	0	0	0	0	0	0	0	0	0	0	0	0	0	0	0	0	0	0	0	0	0	0	0	0	0	1	0	0	0	0	0	0	0	0	0	0	0	0	0	0	0	0	0	0	0	0	0	0	0	0	0	0	0	0	0	0	0	0	0	0	0	0	0	0	0	0	0	0	0	0	0	0	0	0	0	0	0	0	0	0	0	0	0	0	0	0	0	0	0	0	0	0	0	0	0	0	0	0	0	0	0	0	0	0	0	0	0	0	0	0	0	0	0	0	0	0	0	0	0	0	0	0	0	1	0	0	0	0	0	0	0	0	0	0	0	0	0	0	0	0	0	0	0	0	0	0	0	0	0	0	0	0	0	0	0	0	0	0	0	0	0	0	0	0	0	0	0	0	0	0	0	0	0	0	0	0	0	0	0	0	0	0	0	0	0	0	0	0	0	0	0	0	0	0	0	0	0	0	0	0	0	0	0	0	0	0	0	0
Bacteria	Deinococcus-Thermus	0	0	0	0	0	0	0	0	0	0	0	0	0	0	0	0	0	0	0	0	0	0	0	0	0	0	0	0	0	0	0	0	0	0	0	0	0	1	0	0	0	0	0	0	0	0	0	0	0	0	0	0	0	0	0	0	0	0	0	0	0	0	0	0	0	0	0	0	0	0	0	0	0	0	0	0	0	0	0	0	0	0	0	0	0	0	0	0	0	0	0	0	0	0	0	0	0	0	0	0	0	0	0	0	0	0	0	0	0	0	0	0	0	0	0	0	0	0	0	0	0	0	0	0	0	0	0	0	0	0	0	0	0	0	0	0	0	0	0	0	0	0	0	0	0	0	0	0	0	0	0	1	0	0	0	0	0	0	0	0	0	0	0	0	0	0	0	0	0	0	0	0	0	0	0	0	0	0	0	0	0	0	0	0	0	0	0	0	0	0	0	0	0	0	0	0	0	0	0	0	0	0	0	0	0	0	0	0	0	0	0	0	0	0	0	0	0	0	0	0	0	0	0	0	0	0	0	0	0	0	0	0	0	0	0	0	0	0	0	0	0	0	0	0	0	0	0	0	0	0	0	0	0	0	0	0	0	0	0	0	0	0	0	0	0	0	0	0	0	0	0	0	0	0	0	0	0	0	0	0	0	0	0	0	0	0	0	0	0	0	0	0	0	0	0	0	0	0	0	0	0	0	0	0	0	0	0	0	0	0	0	0	0	0	0	0	0	0	0	0	0	0	0	0	0	0	0	0	0	0	0	0	0	0	0	0	0	0	0	0	0	0	0	0	0	0	0	0	0	0	0	0	0	0	0	0	0	0	0	0	0	0	0	0	0	0	0	0	0	0	0	0	0	0	0	0	0	0	0	0	0	0	0	0	0	0	0	0	0	0	0	0	0	0	0	0	0	0	0	0	0	0	0	0	0	0	0	0	0	0	0	0	0	0	0	0	0	0	0	0	0	0	0	0	0	0	0	0	0	0	0	0	0	0	0	0	0	0	0	0	0	0	0	0	0	0	0	0	0	0	0	0	0	0	0	0	0	0	0	0	0	0	0	0	0	0	0	0	0	0	0	0	0	0	0	0	0	0	0	0	0	0	0	0	0	0	0	0	0	0	0	0	0	0	0	0	0	0	0	0	0	0	0	0	0	0	0	0	0	0	0	0	0	0	0	0	0	0	0	0	0	0	0	0	0	0	0	0	0	0	0	0	0	0	0	0	0	0	0	0	0	0	0	0	0	0	0	0	0	0	0	0	0	0	0	0	0	0	0	0	0	0	0	0	0	0	0	0	0	0	0	0	0	0	0	0	0	0	0	0	0	0	0	0	0	0	0	0	0	0	0	0	0	0	0	0	0	0	0	0	0	0	0	0	0	0	0	0	0	0	0	0	0	0	0	0	0	0	0	0	0	0	0	0	0	0	0	0	0	0	0	0	0	0	0	0	0	0	1	0	0	0	0	0	0	0	0	0	0	0	0	0	0	0	0	0	0	0	0	0	0	0	0	0	0	0	0	0	0	0	0	0	0	0	0	0	0	0	0	0	0	0	0	0	0	0	0	0	0	0	0	0	0	0	0	0	0	0	0	0	0	0	0	0	0	0	0	0	0	0	0	0	0	0	0	0	0	1	0	0	0	0	0	0	0	0	0	0	0	0	0	0	0	0	0	0	0	0	0	0	0	0	0	0	0	0	0	1	1	0	0	0	0	0	0	0	0	0	0	0	0	0	0	0	0	0	0	0	0	0	0	0	0	0	0	0	0	0	0	0	0	0	0	0	0	0	0	0	0	0	0	0	0	0	0	0	0	0	0	0	0	0	0	0	0	0	0	0	0	0	0	0	0	0	0	0	0	0	0	0	0	0	0	0	0	0	0	0	0	0	0	0	0	0	0	0	0	0	0	0	0	0	0	0	0	0	0	0	0	0	0	0	0	0	0	0	0	0	0	0	0	0	0	0	0	0	0	0	0	0	0	0	0	0	0	0	0	0	0	0	0	0	0	0	0	0	0	0	0	0	0	0	0	0	0	0	0	0	0	0	0	0	0	0	0	0	0	0	0	0	0	0	0	0	0	0	0	0	0	0	0	0	0	0	0	0	0	0	0	0	0	0	0	0	0	0	0	0	0	0	0	0	0	0	0	0	0	0	0	0	0	0	0	0	0	0	0	0	0	0	0	0	0	0	0	0	0	0	0	0	0	0	0	0	0	0	0	0	0	0	0	0	0	0	0	0	0	0	0	0	0	0	0	0	0	0	0	0	0	0	0	0	0	0	0	0	0	0	0	0	0	0	0	0	0	0	0	0	0	0	0	0	0	0	0	0	0	0	0	0	0	0	0	0	0	0	0	0	0	0	0	0	0	0	0	0	0	0	0	0	0	0	0	0	0	0	0	0	0	0	0	0	0	0	0	0	0	0	0	0	0	0	0	0	0	0	0	0	0	0	0	0	0	0	0	0	0	0	0	0	0	0	0	0	0	0	0	0	0	0	0	0	0	0	0	0	0	0	0	0	0	0	0	0	0	0	0	0	0	0	0	0	0	0	0	0	0	0	0	0	0	0	0	0	0	0	0	0	0	0	0	0	0	0	0	0	0	0	0	0	0	0	0	0	0	0	0	0	0	0	0	0	0	0	0	0	0	0	0
Bacteria	Elusimicrobia	0	0	0	0	0	0	0	0	0	0	0	0	0	0	0	0	0	0	0	0	0	0	0	0	0	0	0	0	0	0	0	0	0	0	0	0	0	0	0	0	0	0	0	0	0	0	0	0	0	0	0	0	0	0	0	0	0	0	0	0	0	0	0	0	0	0	1	0	0	0	0	0	0	0	0	0	0	0	0	0	0	0	0	0	0	0	0	0	0	0	0	0	0	0	0	0	0	0	0	0	0	0	0	0	0	0	0	0	0	0	0	0	0	0	0	0	0	0	0	0	0	0	0	0	0	0	0	0	0	0	0	0	0	0	0	0	0	0	0	0	0	0	0	0	0	0	0	0	0	0	0	0	0	0	0	0	0	0	0	0	0	0	0	0	0	0	0	0	0	0	0	0	0	0	0	0	0	0	0	0	0	0	0	0	0	0	0	0	0	0	0	0	0	0	0	0	0	0	0	0	0	0	0	0	0	0	0	0	0	0	0	0	0	0	0	0	0	0	0	0	0	0	0	0	0	0	0	0	0	0	0	0	0	0	0	0	0	0	0	0	0	0	0	0	0	0	0	0	0	0	0	0	0	0	0	0	0	0	0	0	1	0	0	0	0	0	0	0	0	0	0	0	0	0	0	0	0	0	0	0	0	0	0	0	0	0	0	1	0	0	0	0	0	0	0	0	0	0	0	0	0	0	0	0	0	0	0	0	0	0	0	0	0	0	0	0	0	0	0	0	0	0	0	0	0	0	0	0	0	0	0	0	0	0	0	0	0	0	0	0	0	0	0	0	0	0	0	0	0	0	0	0	0	0	0	0	0	0	0	0	0	0	0	0	0	0	0	0	0	0	0	0	0	0	0	0	0	0	0	0	0	0	0	0	0	0	0	0	0	0	0	0	0	0	0	0	0	0	0	0	0	0	0	0	0	0	0	0	0	0	0	0	0	0	0	0	0	0	0	0	0	0	0	0	0	0	0	0	0	0	0	0	0	0	0	0	0	0	0	0	0	0	0	0	0	0	0	0	0	0	0	0	0	0	0	0	0	0	0	0	0	0	0	0	0	0	0	0	0	0	0	0	0	0	0	0	0	0	0	0	0	0	0	0	0	0	0	0	0	0	0	0	0	0	0	0	0	0	0	0	0	0	0	0	0	0	0	0	0	0	26	0	0	0	0	0	86	0	0	0	0	0	0	0	0	0	0	0	0	0	0	0	0	0	0	0	0	0	0	0	0	0	0	0	0	0	0	0	2	0	0	0	0	0	1	0	0	0	0	0	0	0	0	0	0	1	0	0	0	0	0	0	0	0	0	0	0	0	0	0	0	0	0	0	0	0	0	0	0	0	0	0	0	0	0	0	0	0	0	0	0	1	0	0	0	0	0	0	0	0	0	0	0	0	10	0	0	0	0	0	0	0	0	0	0	0	0	1	0	0	0	0	0	0	0	0	0	0	0	0	0	0	0	0	0	0	0	0	0	0	0	2	0	0	0	0	8	0	0	0	0	0	0	0	0	0	0	0	0	0	0	0	0	0	0	0	0	0	0	0	0	0	0	0	0	0	0	0	0	82	0	0	0	0	0	0	0	0	0	0	18	0	0	0	0	0	5	0	0	0	0	0	0	0	0	0	0	0	0	0	0	0	0	0	0	0	0	0	0	0	0	0	0	0	17	0	0	1	0	0	0	0	0	0	0	0	0	0	0	0	0	0	0	0	0	0	0	0	0	0	0	0	0	0	0	0	0	0	0	0	0	0	0	0	0	0	0	0	0	0	0	0	0	0	0	0	0	0	0	0	0	0	0	0	0	0	0	0	0	0	0	0	0	0	0	0	0	0	0	0	0	0	0	0	0	0	0	0	0	0	0	0	0	0	0	0	0	0	0	0	0	0	0	0	0	0	0	0	0	0	0	0	0	0	0	0	0	0	0	0	0	0	0	0	0	0	0	0	0	0	0	0	0	0	0	0	0	0	0	0	0	0	0	0	0	0	0	0	0	0	0	0	0	0	0	0	0	0	0	0	0	0	0	0	0	0	0	0	0	0	0	0	0	0	0	0	0	0	0	0	0	0	0	0	0	0	0	0	0	0	0	0	0	0	0	0	0	1	0	0	0	0	0	0	0	0	0	0	0	0	0	0	0	0	0	0	0	0	0	0	0	0	0	0	0	0	0	0	0	0	0	0	0	0	0	0	0	0	0	0	0	0	0	0	0	0	0	0	0	0	0	0	0	0	0	0	0	0	0	0	0	0	0	0	0	0	0	0	0	0	0	0	0	0	0	0	0	0	0	0	0	0	0	0	0	0	0	0	0	0	0	0	0	0	0	0	0	0	0	0	0	0	0	0	0	0	0	0	0	0	0	0	0	0	0	0	0	0	0	0	0	0	0	0	0	0	0	0	0	0	0	0	0	0	0	0	0	0	0	0	0	0	0	0	0	0	0	0	0	0	0	0	0	0	0	0	0	0	0	0	0	0	0	0	0	0	0	0	0	0	0	0	0	0	0	0	0	0	0	0	0	0	0	0	0	0	0	0	0	0	0	0	0	0	0	0	0	0	0	0	0	0	0	0	0	0	0	0	0	0	0	0	0	0	0	0	0	0	0	0	0	0	0	0	0	0	0	0	0	0	0	1	0	0	0	0	0	0	0
Bacteria	Fibrobacteres	0	0	0	0	0	0	0	0	0	0	0	0	0	0	0	0	0	0	0	0	0	0	0	0	0	0	0	0	0	0	0	0	0	0	0	0	0	0	0	0	0	0	0	0	0	0	0	0	0	0	0	0	0	0	0	0	0	0	0	0	0	0	0	0	0	0	0	0	0	0	0	0	0	0	0	0	0	0	0	0	0	0	0	0	0	0	0	0	0	0	0	0	0	0	0	0	0	0	0	0	0	0	0	0	0	0	0	0	0	0	0	0	0	0	0	0	0	0	0	0	0	0	0	0	0	0	0	0	0	0	0	0	0	0	0	0	0	0	0	0	0	0	0	0	0	0	0	0	0	0	0	0	0	0	0	0	0	0	0	0	0	0	0	0	0	0	0	0	0	0	0	0	0	0	0	0	0	0	0	0	0	0	0	0	0	0	0	0	0	0	0	0	0	0	0	0	0	0	0	0	0	0	0	0	0	0	0	0	0	0	0	0	0	0	0	0	0	0	0	0	0	0	0	0	0	0	0	0	0	0	0	0	0	0	0	0	0	0	0	0	0	0	0	0	0	0	0	0	0	0	0	0	0	0	0	0	0	0	0	0	0	0	0	0	0	0	0	0	0	0	0	0	0	0	0	0	0	0	0	0	0	0	0	0	0	0	0	0	0	0	0	0	0	0	0	0	0	0	0	0	0	0	0	0	0	0	0	0	0	0	0	0	0	0	0	0	0	0	0	0	0	0	0	0	0	0	0	0	0	0	0	0	0	0	0	0	0	0	0	0	0	0	0	0	0	0	0	0	0	0	0	0	0	0	0	0	0	0	0	0	0	0	0	0	0	0	0	0	0	0	0	0	0	0	0	0	0	0	0	0	0	0	0	0	0	0	0	0	0	0	0	0	0	0	0	0	0	0	0	0	0	0	0	0	0	0	0	0	0	0	0	0	0	0	0	0	0	0	0	0	0	0	0	0	0	0	0	0	0	0	0	0	0	0	0	0	0	0	0	0	0	0	0	0	0	0	0	0	0	0	0	0	0	0	0	0	0	0	0	0	0	0	0	0	0	0	0	0	0	0	0	0	0	0	0	0	0	0	0	0	0	0	0	0	0	0	0	0	0	0	0	0	0	0	0	0	0	0	0	0	0	0	0	0	0	0	0	0	0	0	0	0	0	0	0	0	0	0	0	0	0	0	0	0	0	0	0	0	0	0	0	0	0	0	0	0	0	0	0	0	0	0	0	0	0	0	0	0	0	0	0	0	0	0	0	0	0	0	0	0	0	0	0	0	0	0	0	0	0	0	0	0	0	0	0	0	0	0	0	0	0	0	0	0	0	0	0	0	0	0	0	0	0	0	0	0	0	0	0	0	0	0	0	0	0	0	0	0	0	0	0	0	0	0	0	0	0	0	0	0	0	0	0	0	0	0	0	0	0	0	0	0	0	0	0	0	0	0	0	0	1	0	0	0	0	0	0	0	0	0	0	0	0	0	0	0	0	0	0	0	0	0	0	0	0	0	0	0	0	0	0	0	0	0	0	0	0	0	0	0	0	0	0	0	0	0	0	0	0	0	0	0	0	0	0	0	0	0	0	0	0	0	0	0	0	0	0	0	0	0	0	0	0	0	0	0	0	0	0	0	0	0	0	0	0	0	0	0	0	0	0	0	0	0	0	0	0	0	0	0	0	0	0	0	0	0	0	0	0	0	0	0	0	0	0	0	0	0	0	0	0	0	0	0	0	0	0	0	0	0	0	0	0	0	0	0	0	0	0	0	0	0	0	0	0	0	0	0	0	0	0	0	0	0	0	0	0	0	0	0	0	0	0	0	0	0	0	0	0	0	0	0	0	0	0	0	0	0	0	0	0	0	0	0	0	0	0	0	0	0	0	0	0	0	0	0	0	0	0	0	0	0	0	0	0	0	0	0	0	0	0	0	0	0	0	0	0	0	0	0	0	0	0	0	0	0	0	0	0	0	0	0	0	0	0	0	0	0	0	0	0	0	0	0	0	0	0	0	0	0	0	0	0	0	0	0	0	0	0	0	0	0	0	0	0	0	0	0	0	0	0	0	0	0	0	0	0	0	0	0	0	0	0	0	0	0	0	0	0	0	0	0	0	0	0	0	0	0	0	0	0	0	0	0	0	0	0	0	0	0	0	0	0	0	0	0	0	0	0	0	0	0	0	0	0	0	0	0	0	0	0	0	0	0	0	0	0	0	0	0	0	0	0	0	0	0	0	0	0	0	0	0	0	0	0	0	0	0	0	0	0	0	0	0	0	0	0	0	0	0	0	0	0	0	0	0	0	0	0	0	0	0	0	0	0	0	0	0	0	0	0	0	0	0	0	0	0	0	0	0	0	0	0	0	0	0	0	0	0	0	0	0	0	0	0	0	0	0	0	0	0	0	0	0	0	0	0	0	0	0	0	0	0	0	0	0	0	0	0	0	0	0	0	0	0	0	0	0	0	0	0	0	0	0	0	0	0	0	0	0	0	0	0	0	0	0	0	0	0	0	0	0	0	0	0	0	0	0	0	0	0	0	0	0	0	0	0	0	0	0	0	0	0	0	0	0	0	0	0	0	0	0	0	0	0	0	0	0	0	0	0	0	0	0	0	0	0	0	0	0	0	0	0	0	0	0	0	0	0
Bacteria	Firmicutes	35	121	24	1	6	5	0	0	0	0	0	2	7	6	3	1	1	0	2	5	8	4	10	0	1	1	0	59	0	0	0	1	0	0	0	24	2	10	22	12	2	16	9	0	1	0	80	0	10	5	0	4	1	7	0	2	2	20	13	2	3	1	1	0	5	15	47	12	0	1	97	0	10	1	4	11	5	2	5	1	3	47	3	0	64	168	0	15	73	0	8	0	7	1	0	29	1	0	9	0	3	6	47	0	1	13	1	0	38	1	0	0	1	2	1	0	8	1	28	26	1	161	0	1	2	8	3	0	1	3	29	3	0	37	6	0	0	3	0	0	2	2	0	0	6	0	1	4	0	0	22	6	4	8	6	1	14	1	3	65	0	3	0	70	0	0	21	2	0	12	0	37	0	35	2	0	1	4	2	5	1	6	4	6	11	1	4	0	0	1	1	0	12	2	14	0	1	14	17	0	57	6	76	5	1	1	2	28	40	2	1	7	1	15	26	13	0	1	1	3	0	10	28	9	0	0	0	23	16	113	0	19	79	0	2	0	3	1	2	0	1	3	5	0	0	7	0	0	0	2	1	3	3	1	3	4	0	0	3	1	5	1	3	4	5	11	15	11	0	0	6	0	3	0	0	7	1	3	5	72	22	8	69	2	0	4	52	21	9	3	8	103	2	52	1	0	13	0	19	2	24	13	4	1	0	0	0	1	29	4	26	5	3	6	14	0	0	2	104	0	9	1	1	5	66	0	53	3	1	0	2	5	0	0	28	9	22	0	1	13	0	0	4	0	1	27	13	12	71	22	54	8	0	0	13	2	2	1	16	3	6	6	1	0	42	7	3	0	50	1	11	0	2	45	0	5	2	3	4	37	13	14	2	40	27	22	1	5	1	1	5	8	6	1	0	1	0	9	26	1	0	0	5	1	70	0	7	29	0	9	0	0	0	2	0	1	2	7	0	1	1	0	0	1	40	0	3	1	1	6	0	20	5	1	0	4	9	10	3	118	1	1	1	5	14	1	1	2	3	3	14	1	0	7	83	17	2	11	19	2	4	1	0	443	2	1	2	1	111	3	1	267	18	0	2	0	0	37	2	0	1	3	9	0	0	10	1	2	9	0	1	10	15	0	0	3	20	0	2	0	2	1	4	11	7	4	0	2	0	0	10	8	89	4	79	9	185	0	5	2	1	15	1	12	4	31	10	57	3	7	56	3	31	43	3	0	3	46	3	3	72	2	3	83	9	2	33	0	13	0	0	6	27	8	30	41	46	2	68	9	6	0	1	75	4	110	2	145	2	6	28	37	9	1	7	5	47	4	718	32	88	0	0	8	5	5	7	11	3	79	298	80	1	275	3	0	31	80	28	793	16	681	15	4	59	19	5530	0	4	5	2	0	0	9	3364	104	3	13	18	5	37	0	74	0	1	4	1	28	4	2	6	75	2	8	44	10	0	2951	33	90	5	36	2	10	2	288	25	4	43	8	3	54	14	165	23	0	31	28	24	17	56	2	11	49	2	6	8	158	3656	2	37	87	21	0	69	3	2	14	75	33	13	151	34	1	42	4	28	9	0	76	1	54	2	50	9	23	0	33	103	1098	5479	189	36	2	19	459	201	13	277	45	19	2	1	15	3	1	67	27	7	21	4	7	0	12	4	96	11	121	47	15	1	113	3577	58	61	2	82	60	70	10	5	36	10	0	5	0	0	45	23	33	87	73	56	20	253	158	8	5	74	1	0	2	63	0	372	13	7	0	3	307	0	16	76	1	2	1	0	19	16	0	3	7	18	70	25	1	89	35	25	118	68	12	3	7	9	0	4	9	10	77	6	80	13	5	16	1	2	14	0	42	0	29	3	0	1	1	2	1	1	2	1	0	5	12	8	1	1	0	1	2	50	0	57	7	46	2	19	3	0	3	1	3	1	271	10	1	0	1	8	0	3	16	0	2	0	0	47	4	58	121	3	0	0	3	3	14	1	13	27	59	6	6	2	0	18	2	0	19	0	12	1	37	0	8	0	1259	0	4	5	51	16	0	6	2	1	5	9	0	0	2	1	0	1	0	18	1	3	2	4	0	5	0	3	9	0	379	4	9	26	4	0	4	12	0	0	0	25	341	0	0	4	0	2	48	0	6	98	2	5	2	1	0	268	0	0	14	0	1	0	0	1	1	15	1	40	6	6	12	0	16	1	0	12	14	12	0	3	4	6	0	5	40	0	2	3	1	1	8	23	2	11	7	0	24	14	125	9	1	8	2	11	2	17	2	0	15	2	1	0	8	0	6	11	14	22	21	0	6	0	13	5	2	22	9	0	0	1	0	2	1	3	0	0	1	6	13	0	14	2	11	6	2	1	3	0	1	7	3	12	1	31	417	2	14	7	0	7	0	5	15	2	518	5	22	2	46	22	6	1	0	36	2	16	7	0	2	2	90	222	28	1	161	2	0	5	0	0	3	0	3	7	2	1	9	11	0	0	0	0	0	16	70	6	5	13	11	24	1	40	13	62	7	6	14	12	1	2	4	4	36	0	18	3	0	16	11	9	6	7	0	5	3	21	2	6	2	6	15	0	6	3	3	0	0	0	3	0	7	5	1	0	0	246	6	0	0	7	5	0	25	1	0	0	3	109	3	1	0	11	1	42	14	310	18	4	16	3	2	17
Bacteria	Fusobacteria	0	1	0	2	0	0	0	0	0	0	0	0	0	0	0	0	0	0	0	0	0	0	0	0	0	0	0	0	0	0	0	0	0	0	0	0	0	0	0	0	0	0	0	0	0	0	97	0	0	0	0	0	0	0	0	0	0	0	14	0	0	0	0	0	0	0	0	0	0	0	0	0	0	0	0	0	0	0	0	0	0	0	0	0	0	0	0	1	0	0	0	0	0	0	0	0	0	1	0	0	0	0	0	0	0	0	0	0	0	0	0	0	0	0	0	0	0	1	0	0	0	2	0	0	0	0	0	0	1	0	11	0	0	0	0	0	0	0	0	0	0	0	0	0	5	1	0	0	0	0	0	0	0	0	0	0	0	0	0	0	0	0	0	0	0	0	0	0	0	0	0	0	0	0	0	0	0	1	0	0	0	0	0	0	0	0	0	0	0	0	0	0	5	0	0	0	0	48	4	0	0	0	0	0	0	0	0	0	0	0	0	0	0	0	0	0	0	0	0	1	0	2	0	0	0	0	0	0	0	0	0	0	0	0	0	0	1	0	0	0	0	0	0	0	0	0	0	0	0	0	0	0	0	0	0	0	0	0	0	0	0	0	0	0	1	0	0	1	0	0	0	0	0	0	0	0	0	0	0	0	13	1	2	0	0	0	0	2	0	0	3	0	0	0	2	0	0	0	1	0	0	0	0	0	0	0	0	0	0	0	0	0	0	2	0	0	0	0	9	0	0	0	0	0	0	0	0	0	0	0	0	0	0	0	0	0	0	0	0	0	2	0	0	0	0	0	0	0	10	0	0	0	0	0	0	0	0	0	0	0	2	0	0	0	0	0	0	0	3	0	0	1	0	0	0	0	0	0	0	0	4	1	0	1	0	1	0	0	0	0	2	0	0	0	0	0	0	0	0	0	0	0	0	0	2	0	0	0	0	0	0	0	0	0	0	0	0	0	0	0	0	0	0	0	0	0	0	0	0	0	0	0	0	0	0	0	0	13	0	2	0	0	0	0	0	0	0	0	0	0	0	0	0	0	0	0	0	0	0	0	0	0	0	0	0	0	0	0	11	6	0	0	0	0	0	0	0	0	0	0	0	0	5	0	0	0	0	0	0	0	0	0	0	0	0	0	0	0	0	0	0	0	0	0	0	0	0	0	0	0	6	0	1	0	0	0	18	0	0	0	0	0	0	3	0	0	6	0	0	0	0	0	0	0	0	0	0	0	0	0	0	1	0	0	0	0	0	0	0	0	0	0	3	0	0	0	21	0	2	19	2	0	0	0	8	0	0	0	0	1	12	17	1	0	0	2	0	0	3	0	0	0	0	0	0	2	0	0	0	0	0	0	0	0	0	0	0	0	0	0	27	0	2	6	2	0	27	0	0	0	1	0	0	11	0	1	0	0	0	0	1	0	0	0	0	0	0	0	1	0	0	0	0	0	0	1	0	1	2	0	0	0	0	0	0	14	0	3	0	0	0	31	0	0	16	0	6	0	0	0	26	8	0	0	0	0	0	7	51	0	2	0	3	0	0	0	0	0	0	39	0	0	0	0	1	0	0	3	0	46	0	0	0	0	0	0	0	0	0	0	3	3	0	0	0	0	25	0	0	0	0	1	0	0	0	0	9	0	0	0	2	0	0	6	0	0	0	47	0	0	7	0	0	0	22	0	9	0	41	0	0	0	0	0	1	0	0	0	0	0	0	2	0	0	10	1	0	1	0	0	0	0	0	0	0	0	0	0	0	1	0	0	14	0	0	0	0	0	0	0	0	0	3	1	0	0	0	1	0	0	1	0	6	0	0	0	0	0	24	0	0	10	1	0	0	0	0	0	18	0	0	0	0	0	0	0	0	0	0	0	0	0	12	0	1	0	0	0	0	0	1	0	0	0	0	0	124	1	0	0	0	0	0	0	36	0	0	0	0	0	0	0	0	2	0	0	0	0	0	2	0	0	0	1	0	0	0	0	0	0	0	0	6	0	1	0	0	3	0	0	0	0	0	0	0	0	0	1	1	1	0	0	0	0	0	1	0	0	0	0	0	0	0	1	0	0	0	0	0	0	2	0	0	0	0	0	0	0	0	1	0	0	0	0	0	0	1	0	0	0	2	0	0	0	0	0	1	0	0	0	0	0	0	0	0	12	0	0	0	0	0	0	0	0	1	0	0	0	1	0	0	0	0	0	3	0	0	0	0	0	0	0	0	0	0	0	1	0	0	0	0	2	1	0	0	3	510	0	0	0	0	0	0	0	0	0	1	0	0	0	0	0	0	0	0	0	0	0	0	1	0	0	2	4	0	0	1	0	0	0	0	1	0	0	0	0	0	1	3	0	1	0	0	1	0	9	1	0	0	0	0	4	0	0	0	0	2	0	0	0	0	0	0	2	0	1	0	0	0	0	0	0	0	1	0	0	0	0	0	5	0	0	0	0	0	0	0	0	1	0	0	0	1	17	0	0	0	0	0	0	1	1	7	0	0	0	43	0	0	0	0	0	0	0	0	0	0	0	1	2	0	0	0	0	1	1	0	0	0	0	0	0	0	0	1	0	0	0	0	0	1	6	1	0	0	0	0	0	1	0	0	0	1	99	0	0	0	0	0	0	0	0	0	0	0	0	0	0	1	4	0	280	2	1	0	0	0	1	0
Bacteria	Gemmatimonadetes	0	188	9	0	2	16	0	0	0	0	0	3	5	0	1	0	0	0	0	6	0	0	0	0	1	11	0	11	0	0	0	2	0	0	0	0	0	3	70	1	0	0	3	6	6	0	8	1	0	31	0	0	7	3	0	0	1	380	1	3	0	0	2	0	1	0	100	1	1	0	6	1	7	1	10	3	0	0	0	0	0	3	2	0	48	0	0	134	19	0	35	1	4	0	0	0	0	0	15	0	1	2	0	1	0	0	1	0	228	0	0	0	0	1	0	0	7	0	3	0	0	16	1	0	0	38	1	0	0	30	7	0	0	1	2	0	0	1	0	0	0	0	0	0	0	0	0	1	0	0	0	1	9	38	0	0	30	0	0	9	0	1	0	13	0	0	193	0	0	0	1	8	0	26	7	0	2	7	0	9	0	0	2	0	1	0	0	1	0	0	2	0	2	0	89	0	0	6	0	0	14	30	8	3	70	12	8	130	51	3	1	2	30	2	10	51	0	0	1	1	0	1	0	1	0	0	1	153	1	384	0	6	778	1	0	2	0	0	0	0	0	0	0	0	0	0	0	0	1	1	0	1	1	9	0	0	2	0	19	1	127	0	0	0	0	0	73	44	0	0	1	0	0	0	0	65	0	0	0	19	24	3	4	1	1	0	167	111	8	0	264	70	0	56	0	0	292	0	1	0	43	12	0	1	0	0	0	0	119	3	129	0	0	0	0	0	0	0	55	0	24	0	0	101	20	0	30	27	0	0	0	0	2	0	125	6	3	0	0	5	0	0	1	0	0	2	9	11	20	1	0	1	0	0	8	0	1	0	0	9	0	0	0	0	2	1	1	0	24	0	14	0	0	2	1	23	11	2	0	0	4	8	3	110	6	9	0	0	0	0	0	0	10	1	1	0	1	187	45	0	1	2	0	1	4	0	13	74	0	2	0	0	0	1	1	0	1	0	0	0	1	4	0	0	0	0	0	0	2	2	1	332	0	0	0	13	2	10	4	3	0	0	0	0	4	4	1	0	4	0	82	2	0	3	108	8	8	0	0	0	0	7	0	122	0	0	0	2	32	1	0	0	4	0	2	0	0	37	0	0	2	0	2	0	1	29	2	0	5	0	0	0	335	0	0	1	0	0	1	0	2	0	0	0	7	0	0	0	0	1	3	88	145	0	716	484	33	0	0	0	0	70	12	0	17	9	0	240	6	35	44	3	13	27	0	0	0	117	0	2	12	0	0	249	31	0	0	0	28	0	0	1	49	10	134	41	1	0	138	11	0	0	0	188	0	83	0	64	0	2	121	15	0	0	39	3	78	0	426	49	65	0	0	0	15	3	0	0	17	21	482	33	14	833	0	0	152	107	3	918	1	621	2	0	27	2	747	0	9	20	3	0	0	0	2001	97	1	8	38	10	112	0	50	0	1	0	0	25	14	0	4	4	1	8	100	7	82	794	2	27	3	56	0	307	1	85	122	5	73	25	2	302	41	103	118	1	4	37	0	7	0	3	168	266	0	41	58	151	508	0	231	1005	129	0	32	1	0	16	41	0	3	297	1	5	489	1	10	22	2	72	3	24	0	27	0	38	0	349	246	0	3281	89	0	0	21	370	82	5	100	248	14	0	0	389	1	0	253	11	20	9	43	0	0	9	19	88	29	1	138	6	0	44	255	55	37	1	52	333	108	8	12	227	4	11	0	0	7	9	87	17	143	162	393	12	239	512	249	0	1	0	0	18	84	4	867	13	0	0	2	472	0	0	42	0	0	0	2	57	1	0	0	56	0	38	41	0	572	92	3	356	325	25	0	1	5	6	6	25	0	22	0	10	505	0	17	0	24	82	1	27	0	12	1	0	1	0	82	0	1	69	0	0	0	0	4	0	1	0	0	0	90	0	2	5	0	0	4	0	0	47	0	1	0	1103	22	0	0	0	1	3	0	1	13	100	0	0	26	1	3	5	0	0	0	0	0	2	0	22	0	28	0	0	1	0	37	19	1	205	0	456	0	0	3	0	0	1	1	0	0	3	0	0	85	0	0	47	2	0	0	0	1	1	0	0	21	1	0	1	11	0	10	0	0	11	1	649	2	4	57	16	9	0	2	0	0	0	123	204	1	0	1	0	1	43	0	1	35	0	1	0	37	0	150	0	0	1	1	0	0	2	6	1	0	2	8	1	29	3	0	78	0	0	3	0	4	0	0	2	1	0	67	4	0	0	0	1	0	0	1	0	5	6	0	2	168	121	4	0	55	44	0	0	268	0	0	0	1	0	2	1	0	59	92	1	3	15	0	0	1	649	11	0	0	1	0	1	2	0	10	0	0	0	4	0	0	4	0	11	2	0	10	0	3	14	0	0	5	0	4	8	366	22	1	0	1	0	0	0	21	1	1	13	1	0	2	1	1	12	0	0	16	0	4	0	0	0	0	3	415	619	1	27	0	0	1	0	0	101	78	4	2	0	0	4	20	0	1	0	0	0	184	1	1	0	1	0	0	16	7	4	0	10	21	0	127	0	0	34	42	1	0	0	26	0	75	263	0	216	0	0	101	2	0	0	8	0	204	635	4	0	0	0	0	0	0	0	1	0	0	14	0	0	12	11	0	0	0	0	11	0	0	0	0	3	2	2	0	6	20	0	32	0	32	1	1	40	2	0	24
Bacteria	Ignavibacteriae	0	3	0	0	0	0	0	0	0	0	0	0	0	0	0	0	0	0	0	0	0	0	0	0	0	0	0	0	0	0	0	0	0	0	0	0	0	0	0	0	0	0	0	0	0	0	1	0	0	0	0	0	0	0	0	0	0	0	0	0	0	0	0	0	0	0	0	0	0	0	0	0	0	0	0	0	0	0	0	0	0	0	0	0	0	0	0	0	0	0	0	0	0	0	0	0	0	0	0	0	0	0	0	0	0	0	0	0	0	0	0	0	0	0	0	0	0	0	0	0	0	0	0	0	0	0	0	0	0	0	0	0	0	0	0	0	0	0	0	0	0	0	0	0	0	0	0	0	0	0	0	0	0	0	0	0	0	0	0	0	0	0	0	0	0	0	0	0	0	0	0	0	0	0	0	0	0	0	0	0	0	0	0	0	0	0	0	0	0	0	0	0	0	0	0	0	0	0	0	0	0	0	0	0	0	0	0	0	0	0	0	0	0	0	0	0	0	0	0	0	0	0	0	0	0	0	0	0	0	0	0	0	0	0	0	0	0	0	0	0	1	0	0	0	0	0	0	0	0	0	0	0	0	0	0	0	0	0	0	0	0	0	0	0	0	0	0	0	0	0	0	0	0	0	0	0	0	0	0	0	0	0	0	0	0	0	0	0	0	0	0	0	0	0	0	0	0	0	0	0	0	0	0	0	0	0	0	0	0	0	0	0	0	0	0	0	0	0	0	0	2	0	0	0	0	0	0	0	0	0	0	0	0	0	0	0	0	0	0	0	0	0	0	0	0	0	0	0	0	0	0	0	0	0	0	0	0	0	0	0	0	0	0	0	0	0	0	0	0	0	0	0	0	0	0	0	0	0	0	0	0	0	0	0	0	0	0	0	0	0	0	0	0	0	0	0	0	0	0	0	0	0	0	0	0	0	0	0	0	0	0	0	0	0	0	0	0	0	0	0	0	1	0	0	0	0	0	0	0	0	0	0	0	0	0	0	0	0	0	0	0	0	0	0	0	0	0	0	0	0	0	0	0	0	0	0	0	0	0	0	0	0	0	0	0	0	0	0	0	0	0	0	0	0	0	0	0	0	0	0	0	0	0	0	0	0	0	0	0	0	0	0	0	0	0	0	0	0	0	0	0	0	0	0	0	0	0	0	0	0	0	0	2	0	0	0	0	0	0	0	0	0	0	0	0	0	0	1	0	0	0	0	0	0	0	0	0	0	0	0	0	0	0	0	0	0	0	0	0	0	0	0	0	0	0	0	0	0	3	0	0	0	0	0	0	0	0	0	0	0	0	0	0	0	0	0	0	0	0	0	0	0	0	0	0	0	0	0	0	0	0	0	0	1	0	0	0	0	0	0	0	0	0	0	0	0	0	0	0	0	0	0	0	0	1	0	0	0	0	0	0	0	0	0	0	0	0	0	0	0	0	0	0	1	0	0	0	2	0	0	0	0	0	0	0	2	0	0	0	0	0	0	0	0	0	0	0	1	0	0	0	0	0	1	0	0	0	0	1	0	0	0	0	0	0	0	0	0	0	0	0	0	0	0	0	0	2	0	0	0	0	0	0	0	0	0	0	0	0	0	0	0	0	0	0	1	0	0	0	0	0	0	0	0	0	0	0	0	0	0	0	0	0	0	0	0	0	0	0	0	0	0	0	0	0	0	0	0	0	0	0	0	0	0	0	0	0	0	0	0	0	3	0	0	0	0	1	0	0	0	0	0	0	0	5	1	0	0	0	3	0	0	0	0	0	0	0	1	0	0	0	0	0	0	0	0	0	0	0	0	0	0	0	0	0	0	0	0	0	0	0	0	0	0	0	0	0	0	0	0	0	0	0	0	0	0	0	0	0	0	0	0	0	0	0	0	0	0	0	0	0	0	0	0	0	0	0	0	0	0	0	0	0	0	0	0	0	0	0	0	0	0	0	0	0	0	0	0	0	0	0	0	0	0	0	0	0	0	0	0	0	0	0	0	0	0	0	0	0	0	0	0	0	0	0	0	0	0	0	0	0	0	0	0	0	0	0	0	0	0	0	0	0	0	0	0	0	0	0	0	0	0	0	0	0	0	0	0	0	0	0	0	0	0	0	0	0	0	0	0	0	0	0	0	0	0	0	0	0	0	0	0	0	0	0	0	0	0	0	0	0	0	0	0	0	0	0	0	0	0	0	0	0	0	0	0	0	0	0	0	0	0	0	0	0	0	0	0	0	0	0	0	0	0	0	0	0	0	0	0	0	0	0	0	0	0	0	0	0	0	0	0	0	0	0	0	0	0	0	0	0	0	0	0	0	0	0	0	0	0	0	0	0	0	0	0	0	0	0	0	0	0	0	0	0	0	0	0	0	0	0	0	0	0	0	1	0	0	0	0	0	0	0	0	0	0	0	0	0	0	0	0	0	0	0	0	0	0	0	0	0	0	0	0	0	0	0	0	0	0	0	0	0	0	0	0	0	0	0	0	0	0	0	0	0	0	0	0	0	0	0	0	0	0	0	0	0	0	0	0	0	0	0	0	0	0	0	0	0	0	0	0	0	0	0	0	0	0	0	0	0	0	0	0	0	0	0	0	0	0	0	0	0	0	0	0	0	0	0	0	0	0	0	0	0	0	0	0	0	0	0	0	0	0	0	0	0	0	0
Bacteria	Kiritimatiellaeota	0	1075	0	0	0	6	2	0	0	0	0	0	33	0	0	0	0	1	0	4	0	0	0	0	0	19	1	7	0	1	0	1	0	0	0	0	0	0	3	0	0	2	3	0	0	0	20	0	1	7	0	1	15	11	2	0	1	0	2	0	0	0	0	0	0	1	62	0	9	0	0	0	5	0	0	0	1	0	0	0	0	4	0	0	17	2	0	0	5	0	11	0	0	1	0	0	0	1	0	0	0	4	0	0	0	0	12	2	51	0	0	1	3	0	0	0	18	0	0	0	0	0	0	2	0	2	0	0	0	0	3	0	0	0	0	0	0	0	0	0	0	4	0	0	1	0	0	0	0	0	0	0	34	2	0	0	15	0	0	10	0	0	0	2	0	0	30	0	0	0	0	0	0	14	2	1	8	4	0	13	0	0	0	0	6	0	0	3	0	0	0	0	1	0	10	0	0	0	0	0	24	13	19	26	4	2	3	33	7	11	0	44	0	0	10	9	0	0	0	0	2	59	0	0	0	0	0	1	0	5	0	6	122	0	1	0	0	0	0	0	2	0	0	1	0	0	0	0	0	5	1	0	0	2	0	0	1	0	0	0	33	1	0	0	0	0	0	3	0	0	0	0	0	1	0	22	0	0	0	2	0	0	2	0	0	0	65	3	0	0	6	58	0	13	3	0	9	0	0	0	0	9	0	1	0	0	0	0	25	0	16	0	0	1	1	3	0	0	23	0	16	0	0	0	15	0	2	1	2	8	0	0	0	0	10	12	1	0	0	5	1	0	14	0	0	2	0	0	0	0	2	1	0	0	1	0	1	0	0	0	0	0	0	0	0	0	4	0	0	0	0	0	0	0	12	2	0	0	0	0	0	0	0	70	0	6	0	0	0	1	1	0	5	0	9	0	0	20	8	0	3	3	0	1	0	0	3	10	0	13	0	0	0	0	38	0	1	0	1	0	6	20	0	0	0	0	0	0	11	60	0	51	1	0	0	7	1	1	7	2	0	1	0	1	30	0	0	0	1	0	0	4	0	5	168	6	0	0	4	0	0	3	0	20	0	0	0	0	0	0	0	0	1	0	33	0	0	45	0	0	0	3	10	0	0	5	1	8	67	0	0	4	2	0	0	0	0	0	10	0	0	0	2	0	6	0	0	0	0	0	208	31	899	0	229	6	964	0	3	0	2	2	0	0	21	0	0	475	10	20	183	1	0	24	1	0	0	64	1	0	8	0	0	439	4	0	0	0	49	0	0	0	6	19	39	21	0	0	291	0	0	0	0	140	0	103	0	20	0	1	11	133	0	0	206	37	17	0	274	15	25	0	0	0	6	9	0	8	2	6	161	3	1	200	0	0	47	373	20	263	2	857	19	0	21	2	0	0	6	1	5	0	0	2	2626	26	0	30	126	61	46	0	43	0	0	0	0	0	61	0	2	40	0	41	195	4	7	974	1	16	8	171	0	5	0	140	204	3	148	56	0	37	1	58	13	0	190	42	0	0	0	0	65	127	0	26	35	203	572	0	110	23	143	0	50	2	0	63	6	0	1	314	0	0	127	2	79	0	1	2058	1	3	1	55	0	205	0	118	308	0	2364	762	0	3	0	278	3265	2	0	63	81	0	0	0	0	0	125	84	0	0	5	0	0	1	11	35	4	2	1	5	0	150	82	24	951	0	107	106	8	1	9	66	5	52	0	1	0	6	1	18	181	314	172	25	889	256	25	0	0	0	0	4	546	1	1314	2	2	0	0	2489	0	0	119	0	0	1	0	292	20	0	0	6	0	43	51	0	162	51	0	158	198	2	0	1	3	0	5	33	0	4	0	0	3	1	0	3	0	0	0	13	0	1	45	0	0	0	23	0	0	0	0	0	3	0	0	0	0	0	0	0	0	0	1	13	71	1	0	0	0	11	7	1	0	1	3	0	0	0	0	0	0	0	0	6	0	0	16	0	0	1	0	0	2	0	0	0	0	2	8	1	0	0	0	0	1	0	4	2	0	2	0	0	0	0	0	0	0	0	0	0	0	0	0	0	0	0	1	0	0	0	1	0	0	0	0	0	1	3	0	0	0	0	0	0	1	1	0	10	0	7	1	0	0	0	0	3	8	301	0	0	0	0	0	10	0	1	0	0	0	0	2	0	2	0	0	0	4	0	0	0	0	0	0	0	0	0	1	15	0	0	12	0	0	0	0	1	0	0	0	0	0	0	0	0	0	0	0	0	2	0	0	31	0	0	2	2	0	1	1	9	0	0	36	0	0	1	0	2	0	72	0	1	104	0	0	0	0	0	0	146	0	0	0	0	0	0	0	25	11	0	0	0	0	1	0	0	0	5	2	0	1	2661	2	1	1	0	2	1	0	0	15	4	0	0	0	0	0	0	0	0	0	0	0	0	0	1	0	0	0	0	0	0	0	0	0	0	0	0	6	1	0	0	2	0	0	0	0	0	16	0	0	0	0	0	0	0	0	0	0	0	11	0	0	0	0	0	1	0	7	1	0	0	0	0	6	0	0	3	40	1	0	0	0	0	0	9	1	58	2	0	0	0	0	0	0	8	4	135	65	0	0	15	0	0	0	0	0	0	0	0	0	0	0	1	0	0	0	0	1	0	0	0	0	0	0	2	0	1	32	0	0	3	12	0	0	0	0	0	0
Bacteria	Lentisphaerae	2	892	87	2	0	20	12	0	0	0	0	6	85	0	0	44	0	1	3	84	7	2	0	8	9	51	96	25	0	0	0	3	0	0	5	6	5	3	36	22	0	18	12	7	0	0	116	82	4	15	2	42	35	12	233	1	133	184	672	9	2	1	0	2	3	99	72	142	0	37	736	0	5	1	70	32	140	6	35	0	0	31	1	0	29	1	1	727	20	2	104	1	112	3	1	16	4	9	53	0	38	464	0	8	1	26	91	17	69	2	68	12	51	5	36	0	37	0	17	1	26	128	0	8	0	28	147	4	56	18	50	58	0	12	0	32	3	2	0	3	4	9	8	0	61	1	1	13	6	0	93	322	35	39	0	0	14	3	1	58	0	10	1	10	0	0	75	40	0	0	2	9	10	16	17	20	33	11	2	445	0	1	17	209	11	1	0	28	0	0	3	1	148	0	25	10	0	182	45	0	74	8	70	236	64	50	4	371	88	21	0	49	16	20	21	34	0	0	9	166	0	1331	0	2	0	8	1	39	122	33	23	899	287	0	39	4	0	0	0	5	3	0	11	7	0	5	1	0	0	40	2	1	9	20	3	37	2	2	9	8	84	4	7	11	22	1	70	97	0	9	7	3	66	1	24	15	4	3	3	23	92	47	623	120	6	468	89	93	127	1	105	148	4	86	287	4	78	0	45	9	188	15	54	6	6	0	1	0	90	68	60	1	2	47	0	6	21	7	425	0	21	3	0	42	596	1	24	5	50	6	2	6	0	0	192	4	32	4	0	108	23	5	17	0	3	2	66	45	1415	16	1	5	6	2	131	8	16	0	1	33	73	55	0	0	209	40	16	0	37	8	73	66	3	20	219	13	30	36	2	69	73	54	153	71	128	11	5	3	4	0	172	208	47	13	14	0	2	139	53	2	19	4	0	166	23	3	32	129	0	13	7	0	0	6	8	0	18	7	1	1	9	7	0	1	1	0	92	0	10	44	0	250	20	2	6	49	2	14	9	212	3	1	1	1	38	9	15	0	5	3	423	13	12	11	689	34	2	22	9	20	7	8	48	76	52	0	0	56	190	4	26	0	13	8	22	0	0	176	10	0	5	6	17	0	0	23	21	10	59	0	2	2	228	0	0	0	0	2	169	0	6	0	3	0	66	0	0	0	0	0	703	218	548	0	226	598	2563	0	3	3	3	57	11	21	102	351	1	301	69	26	100	48	271	67	2	2	4	28	0	48	53	6	22	431	1	4	17	5	62	0	0	50	56	59	279	118	3	0	228	21	25	1	7	43	1	185	7	125	1	494	846	205	40	0	103	38	565	22	184	355	130	0	1	0	32	206	7	0	46	63	156	664	11	247	0	0	103	331	33	343	6	19	830	8	235	0	0	1	26	37	61	0	0	43	1081	198	6	61	135	135	21	0	125	8	15	42	1	6	67	0	39	85	107	90	114	7	375	1153	344	0	52	101	0	94	7	189	261	36	192	68	1	2059	28	377	809	5	485	139	1	255	4	92	68	43	1	144	25	405	350	63	77	521	874	0	70	17	2	27	39	12	7	394	34	21	254	319	176	145	40	5878	1	21	5	218	18	197	0	94	231	0	2230	563	37	51	22	407	1906	166	236	384	78	0	0	1446	100	1	359	25	298	11	222	5	1	138	28	184	30	7	1081	270	1	297	1	23	2740	0	61	104	104	331	62	119	38	43	50	4	3	32	1114	37	1862	226	44	157	1262	320	88	1	42	6	6	30	574	38	183	40	23	0	283	1720	0	57	69	5	0	10	6	154	25	0	24	71	0	20	183	7	194	18	14	243	83	80	0	3	46	81	22	84	4	249	2	71	319	10	9	29	63	194	3	1896	0	397	331	0	0	0	8	8	48	26	2	0	146	1	32	0	6	30	0	9	273	0	120	181	28	10	118	34	14	78	23	836	6	234	179	8	2	1	93	34	18	467	115	60	0	76	941	3	13	275	0	560	1	0	0	31	0	198	54	226	0	0	16	60	46	174	29	10	0	1990	15	8	70	4	37	217	21	4	2	50	316	0	52	0	0	59	2	20	13	172	130	22	1	0	73	16	114	138	23	11	28	0	1	129	0	22	13	42	253	134	106	0	438	0	6	41	139	145	0	13	88	4	11	57	0	3	615	120	160	0	28	0	1243	4	1	204	89	5	19	16	3	116	0	16	30	1	732	204	0	1832	1	1	1453	6	7	54	0	4	4	0	33	24	99	0	133	0	0	0	17	0	685	282	0	23	183	126	373	33	21	134	4	3	358	22	0	0	31	411	0	159	1	28	146	141	0	1272	0	22	0	253	222	0	11	9	2	4	11	20	9	0	0	1	32	62	2	52	5	222	5	10	53	0	33	118	122	3	217	72	22	8	145	211	4	3	36	39	0	0	10	8	2	557	40	4	14	62	341	0	26	0	1	1	242	53	0	14	16	80	232	502	2	92	156	0	75	3	226	275	9	134	136	11	3	34	149	2	26	0	40	23	624	909	8	4	0	0	102	43	11	89	26	116	1	2	70	1	0	134	290	5	0	1	12	0	536	460	823	216	74	0	69	33	692	4	205	38	293	133	176	100	5	656	1	1	2	1	8	336	10	315	23	34	97	77	2	47	0	32	62	105	0	2	0	18	1	191	1	31	125	6	0	121	1918	2	8	182	3	0	28
Bacteria	Nitrospinae	1	217	6	0	0	549	0	0	0	0	2	8	35	0	41	1	0	0	0	3	1	0	0	0	0	11	14	12	2	26	4	5	47	0	0	6	1	1	875	0	79	0	14	76	5	0	2	17	1	744	24	0	2	18	3	0	0	484	0	1	2	8	3	1	0	0	31	0	0	0	2	0	253	10	0	0	0	0	22	0	2	1	2	0	4	0	0	13	1	0	1043	0	122	0	0	0	0	0	51	0	1	0	0	79	0	0	5	1	5076	2	0	3	21	0	66	3	35	0	0	1	0	0	4	0	3	389	0	0	2	51	9	2	1	0	9	0	0	15	0	0	0	0	11	0	10	0	10	18	1	1	4	0	1	683	0	0	1137	0	0	611	0	0	0	513	6	2	7	20	0	0	9	0	1	3	303	2	5	149	0	257	0	7	0	0	0	6	0	0	0	2	0	8	2	0	5	7	0	60	1	0	1	12	2	0	324	279	310	3191	1256	2	11	0	72	144	0	5	1	0	0	0	0	0	0	0	0	0	0	47	0	946	0	1	11734	29	34	0	0	0	1	1	0	0	3	0	0	1	0	0	1	11	19	11	0	212	0	3	86	0	189	11	12	2	0	1	0	1	9	19	1	0	0	3	0	0	1	1862	3	11	6	2	4	20	2	44	0	0	10	533	6	13	1142	817	0	0	0	0	686	1	0	0	85	2	0	8	1	0	2	0	7	17	3510	30	3	3	0	55	0	1	1	42	16	0	0	2212	1	2	13	6	0	0	0	0	7	0	24	361	6	3	0	17	1	0	0	0	3	3	1	24	76	136	0	40	10	0	1	16	3	0	0	181	1	16	0	0	2	1	1	0	2	2	0	2	0	271	1	2	178	3	0	3	15	4	54	7	0	291	23	5	0	9	0	23	134	28	0	0	1	659	1113	0	1	1	0	0	0	6	421	1128	0	0	0	0	5	36	0	0	18	0	55	0	0	2	0	0	0	1	0	4	1	0	6	24	3	0	7	644	43	0	0	27	4	1	0	0	1	2	0	0	36	2	3	32	0	196	258	85	89	0	0	2	2	228	0	3074	0	0	0	263	28	0	0	0	0	0	0	0	0	66	0	0	11	0	28	0	4	1	18	0	0	0	1	4	426	0	0	0	0	1	7	0	12	0	1	0	143	0	1	1	0	0	101	63	134	1087	11079	5074	447	0	0	9	111	305	537	1	15	42	0	12207	136	1587	399	55	2	181	3	3	0	11387	6	2	0	0	0	8005	10961	16	25	0	1340	0	0	4	198	28	3385	8	0	0	418	1500	0	1	0	10481	2	6	0	678	0	0	102	69	3	1	44	88	1705	0	21413	964	15	0	5	0	334	320	3	16	342	913	35603	78	81	31369	0	12	4249	1069	51	68877	0	13778	1	2	93	34	5690	0	219	36	92	13	0	0	18166	15	0	48	1361	24	12099	4	6	14	4	108	0	15	149	3	213	12	2	25	8712	1	206	18995	30	8613	2	435	0	1514	32	206	1674	50	591	408	15337	219	1395	306	91	8	88	359	0	2	0	145	2414	2173	10	43	3331	1072	19923	0	11054	15682	58	0	33	5	0	383	1502	1	118	11474	9	0	57	0	46	26	3	844	15	777	0	858	68	285	49	4820	1247	22	9392	599	2	7	346	18732	1473	0	657	9664	375	1	0	423	8	10	14621	375	0	0	19	0	2	4	285	2	988	0	18	1	0	378	34996	5364	417	0	487	9795	955	4	6	5826	101	227	0	0	0	1	2	9	31	429	2515	22	2327	18913	8	0	228	5	0	63	98	194	3717	40	0	23	138	473	3	1126	464	11	5	0	5	75	2	0	0	959	0	3100	394	0	19393	4693	0	20627	9798	71	0	0	170	5	7	306	1	424	0	4	3	4	3	8	34	487	2	31	0	95	0	1	0	0	662	0	11	46	11	0	0	16	35	0	1	2	1	5	1	8	11	5	203	0	3	0	0	86	0	1	2	41	19	0	0	0	0	0	0	10	0	13	0	0	13	0	46	0	1	1	0	0	3	0	0	107	0	25	6	2	2	1	116	0	2	1	0	43	0	0	4	12	0	22	0	0	0	2	4	0	335	0	0	403	0	0	0	1	2	4	0	0	7	20	6	0	0	0	5	4	0	285	2	12	118	206	4	198	28	0	2	0	0	3	80	1881	0	0	0	0	66	2655	9	0	16	0	3	2	3	0	678	0	0	57	0	0	0	0	0	0	0	0	1	37	8	5	1	24	0	0	0	99	0	0	2	0	0	1	214	14	2	0	13	4	3	250	4	1	10	17	0	15	330	1	4	0	4	502	0	1	684	0	1	0	3	3	1	33	2	45	61	0	635	0	0	0	0	1700	3	22	28	0	0	1	219	0	12	0	0	1	0	0	14	16	0	4	0	2	5	94	34	41	0	1	8	4	2	2	234	26	1	1	13	0	0	0	12	0	0	312	0	38	0	0	0	0	0	0	23	0	2	3	0	0	0	0	1242	830	3	306	0	0	0	0	0	31	791	12	1	1	0	0	3	1	0	0	0	0	343	0	1	1	2	0	0	110	318	51	1	1	1	0	77	0	3	1	11	0	0	3	0	28	15	272	3	441	0	0	284	12	1	2	4	0	547	2011	0	0	0	0	0	24	0	1	0	0	0	1	0	785	1	66	1	0	0	0	12	0	0	0	1	7	666	9	0	1	115	2	114	4	23	3	0	11	0	0	0
Bacteria	Nitrospirae	0	59	0	0	0	68	1	0	0	0	0	0	2	0	0	0	0	0	0	3	0	0	0	0	1	0	0	4	0	2	0	0	0	0	0	0	0	0	21	0	0	1	0	0	0	0	7	0	0	20	0	0	0	4	1	0	0	0	0	0	0	0	0	0	0	0	27	0	1	0	0	0	0	0	0	0	0	0	0	0	0	1	1	0	5	0	0	0	0	0	131	0	0	1	0	1	0	3	1	0	0	0	0	2	0	0	1	0	554	0	0	0	0	0	0	0	0	0	0	0	0	1	0	0	0	17	1	0	0	1	0	0	0	0	0	0	0	0	0	0	0	0	0	0	0	0	0	0	1	0	0	0	1	0	0	0	152	0	0	5	0	0	0	64	0	0	81	0	0	0	0	0	0	15	42	0	0	1	0	0	0	0	0	5	0	0	0	0	0	0	0	0	0	0	25	0	0	2	0	0	4	11	3	0	1	26	47	379	41	0	0	0	0	0	5	15	0	0	0	0	0	0	0	0	0	0	0	3	0	5	0	6	281	2	0	0	1	0	0	0	0	1	0	0	0	0	0	0	0	2	1	1	0	29	0	0	2	0	25	0	29	0	0	0	0	0	2	0	0	0	2	0	0	0	0	240	0	0	1	0	0	0	5	0	0	0	78	2	0	0	1	1	0	3	0	0	1	0	1	0	0	0	0	1	0	0	0	0	56	0	54	0	0	0	0	0	0	0	11	0	4	0	0	0	2	0	3	1	0	0	0	0	0	0	24	0	0	0	0	0	0	0	0	0	1	1	0	0	12	0	0	0	0	0	0	0	0	0	0	0	0	1	0	0	0	0	1	0	0	0	0	0	0	0	0	11	0	0	0	0	0	0	0	25	0	4	0	0	0	0	0	0	14	0	0	0	1	11	24	0	0	0	0	0	0	0	14	6	0	0	0	0	0	0	0	0	0	0	4	0	0	0	0	0	0	0	0	0	1	0	0	4	0	0	0	21	1	0	0	1	0	0	0	0	0	4	1	0	0	0	1	0	0	1	6	0	0	0	0	0	0	8	0	294	0	0	0	0	0	1	0	0	0	0	0	0	0	1	0	0	0	0	0	0	0	26	0	0	1	0	0	0	15	0	0	0	0	0	0	0	0	0	1	0	1	0	0	0	0	0	0	4	36	0	1179	0	9	0	1	0	0	0	0	0	0	2	0	16	1	136	0	0	0	1	0	0	0	19	2	0	4	0	0	482	1	0	17	0	69	0	0	0	5	0	397	18	0	0	15	0	2	0	0	29	0	25	0	2	0	1	6	1	0	0	8	1	31	0	29	24	24	0	0	0	0	0	0	0	0	2	125	0	2	155	0	0	542	9	0	166	0	951	0	2	0	0	0	1	1	0	0	0	0	0	193	69	0	2	47	1	24	0	21	0	0	0	0	6	0	0	0	0	0	2	771	1	0	15	5	0	0	1	0	23	1	25	91	1	18	26	1	41	28	1925	17	0	1	3	0	0	0	5	238	270	0	1	2	6	16	0	10	35	2	0	6	1	0	3	106	0	0	19	0	0	124	0	4	2	0	3	0	48	1	11	0	3	0	453	2	0	92	10	0	2	15	31	6	0	0	265	346	0	0	0	0	0	149	4	1	0	4	0	0	0	0	34	16	0	15	2	1	3	0	10	0	0	5	1050	6	1	1	714	3	0	0	0	1	4	0	1	5	17	311	0	15	1393	7	0	0	0	0	0	46	1	367	0	0	0	0	77	0	0	21	0	0	0	0	28	0	0	0	0	1	5	1	0	2357	17	0	57	13	0	0	0	0	1	1	0	0	2	0	0	0	0	0	0	0	2	0	0	0	0	0	0	0	0	0	0	0	0	0	0	0	0	0	0	0	0	0	0	1	0	0	0	0	0	2	0	0	0	0	1	0	0	1	0	0	0	0	1	0	0	0	0	0	0	2	1	0	0	0	0	0	0	0	0	0	0	0	1	0	0	0	0	0	0	0	1	0	0	0	0	0	0	0	0	0	0	0	0	0	0	0	0	0	0	0	0	0	0	0	0	0	0	0	0	0	0	0	0	0	0	0	0	0	0	0	2	0	1	0	0	0	0	0	0	1	22	0	0	0	0	0	24	0	0	0	0	0	0	1	0	2	0	0	0	0	0	0	0	0	0	0	0	0	0	0	0	0	0	0	0	1	0	0	0	0	0	0	0	0	1	0	0	0	1	0	0	0	0	0	0	0	0	1	0	3	0	0	0	0	0	2	0	0	0	0	0	2	0	0	0	1	0	11	0	0	0	0	4	0	0	0	0	0	0	0	0	1	0	0	0	0	0	0	0	0	0	1	0	0	0	1	0	0	0	1	0	0	3	0	0	0	0	0	0	0	0	0	0	0	1	0	0	0	0	0	0	0	0	0	0	0	0	0	0	0	0	1	2	0	0	0	0	0	0	0	0	0	0	0	0	1	1	0	0	0	0	0	0	9	0	0	2	0	0	0	0	1	0	0	0	18	0	0	0	0	0	0	0	0	0	0	1	0	1	0	0	1	0	0	0	0	0	0	0	2	4	0	0	0	0	0	0	0	0	1	0	0	0	0	0	0	0	0	0	0	0	0	0	0	0	0	0	0	0	0	0	2	0	0	0	4	0	0	4	0	0	0
Bacteria	Planctomycetes	133	27775	2713	171	28	2451	66	1	10	255	2181	115	933	712	1506	178	46	5	75	237	144	34	723	32	196	1135	100	2280	56	30	100	177	70	14	7	3176	85	957	2881	1751	301	112	1300	250	536	64	9615	93	18	2070	40	1001	528	544	288	21	159	6986	1635	581	1004	17	324	38	911	512	1063	1429	27	1198	9403	3645	150	11	78	177	2208	1030	7371	29	112	963	50	54	7976	4	92	4245	2193	10	4901	23	1192	374	5	3241	67	161	1702	3	2657	651	190	210	50	792	912	389	24476	25	160	46	64	88	922	879	1204	562	1656	2235	50	321	19	112	11	1299	2089	10	247	1432	8115	142	8	1352	1398	58	98	1391	6	24	1172	82	30	1	5213	317	35	267	21	20	5147	363	406	2201	153	26	5935	14	172	1130	15	97	1386	1907	34	42	2602	51	13	145	10	1388	57	519	1391	73	583	1872	5	741	14	32	1599	3681	310	77	239	72	36	162	19	14	886	92	1145	34	46	1050	702	0	2655	642	2906	214	4110	1290	1534	17210	5271	389	151	1420	607	873	233	535	1	11	141	2734	60	960	2201	319	116	42	80	7695	1166	3039	112	2951	39310	62	391	66	45	15	108	23	42	1195	3380	73	10	12	4	34	504	1614	127	157	212	876	528	1420	252	17807	2040	1431	1210	85	622	1135	79	906	3853	1512	8	25	38	207	227	0	66	9512	344	18	24	1916	1973	787	3479	130	41	450	2991	6303	2472	957	5519	7597	356	2220	814	240	11105	111	671	124	2492	327	59	121	18	33	12	1	1859	2066	8341	192	237	5112	1676	243	191	162	4492	148	1123	197	11	11030	1566	24	615	1533	32	28	125	261	28	0	5585	246	198	149	45	2055	131	0	137	170	155	778	1094	7844	9520	6451	9	590	280	8	4898	791	334	334	189	925	1403	3561	155	6	2527	190	286	78	1155	46	1124	119	63	4261	281	263	887	655	282	2529	1210	1712	197	1214	196	1875	822	88	72	45	458	227	2816	348	151	16	18	7707	3800	2	67	107	35	145	328	614	1378	7717	0	237	36	264	36	688	90	88	256	122	157	12	257	312	26	1526	4121	29	211	164	134	495	227	14564	138	107	142	2262	59	1098	167	1444	9	11	25	10	642	322	38	68	175	510	2506	143	39	395	29770	830	3611	1006	63	629	1189	423	89	11871	108	203	71	862	1618	788	52	64	1317	25	242	50	45	4981	258	5	462	60	466	48	6	453	366	106	848	30	36	42	18000	5	4	309	63	52	431	4	153	246	165	31	2012	732	116	191	39	44	13764	3794	17479	1067	62593	22251	53989	7	26	110	62	5208	4299	893	2903	8365	230	13612	3913	7962	5038	2381	2654	4288	33	7	10	3572	43	2302	5423	664	662	44441	184	53	316	143	7586	10	6	118	4403	1746	20506	17062	1516	107	8321	791	811	2276	123	4998	87	2830	317	5288	26	7411	15702	1880	4611	60	3885	1190	13660	3932	14154	8207	9205	261	6	9	1500	1952	1655	1736	1647	2092	11293	8531	812	12782	11	37	19380	10129	860	29429	988	120990	8406	2223	5979	187	18274	16	1671	1962	538	77	13	2185	173763	4085	111	2225	12084	2343	3528	6	1795	1093	996	311	13	3892	1626	18	916	2353	656	1699	19640	318	5029	48391	7994	1708	543	5489	7	5576	5578	3466	9995	3741	8691	2284	399	36385	4189	65202	13137	996	10299	7212	622	3397	1117	4501	13449	4999	4161	3031	1821	13799	16840	1002	6765	20262	7769	142	1325	809	42	4251	5561	2013	655	8565	3984	425	6058	2454	4078	2554	1161	127073	67	2827	370	5777	1570	4397	197	24926	14609	985	251184	12954	4863	4052	2041	8010	77752	1919	2148	10938	10829	354	67	18330	4239	673	8963	4293	1344	159	3983	43	56	3142	1993	9688	2598	3302	23424	3204	165	7355	9172	1927	57488	10	4811	32529	10444	7841	1422	25949	230	5397	103	326	1023	2656	4848	556	37542	9208	6655	1813	19374	80662	8782	2733	743	50	109	1969	12920	891	29044	1173	640	75	1716	55717	36	234	6775	787	21	389	142	5752	581	284	4494	10507	382	1845	7128	225	75313	2187	288	9175	9043	2633	230	14	958	1189	1285	5242	898	3774	71	1188	7231	261	111	72	1679	11101	346	18076	23	14982	558	1	16	63	18011	709	6071	491	80	28	2542	193	1414	2	55	97	7	920	12425	13	442	446	1227	267	10496	2701	12	5677	137	753	119	25745	10404	100	22	14	315	104	109	2689	169	2684	27	118	16252	31	187	11144	4	464	21	495	31	143	48	2586	7609	8229	81	51	3435	276	11050	4112	321	3877	5	15770	158	872	2085	232	56	8015	122	79	165	2850	10032	77	4235	5	0	3794	17	131	3593	9056	475	95	23	29	4580	332	533	558	766	274	902	0	229	8028	1644	1083	187	988	5288	3440	756	9225	3098	27	135	162	7068	18554	29	97	934	139	112	4197	5	257	4194	328	11859	7	1305	7	12708	135	40	3228	455	22	31	426	583	453	8	83	1950	4733	11209	2230	321	16955	69	9	2027	251	631	114	213	28	2999	14	1640	1033	64	1	1160	88	562	269	219	141	9498	2663	188	91	6768	4083	9112	82	1516	11463	14759	20	14922	2979	33	94	5697	838	96	2314	7	2184	6169	2794	1254	26047	8	121	13	16474	271	4405	3647	10113	29	95	167	183	5294	15	1	63	903	69	55	1771	29	2263	135	3	13285	9139	1145	990	118	149	356	3842	702	680	12999	4702	1430	7	366	167	238	6	1088	149	153	11685	488	4061	5195	1486	3577	844	63	254	245	10	2439	939	13	200	201	1962	15162	20207	250	1039	410	62	78	1602	1055	3127	24221	769	1674	130	202	11602	2163	33	269	9	72	170	9061	1258	377	1030	57	36	20956	2330	450	5759	68	2685	1105	0	2546	56	140	3978	9671	4968	61	14256	579	80	11341	14811	6409	8162	616	5	2324	300	2518	79	545	86	9220	15406	366	334	51	1730	13	184	159	67	209	13390	194	6076	72	2370	1422	4838	1116	131	6	976	681	751	79	18	42	834	3829	1441	172	935	4886	89	520	14783	2474	4850	177	10159	1314	163	789
Bacteria	Proteobacteria	735	203463	118243	8896	4496	10308	1869	62	817	1539	87176	1420	31263	2206	13499	1271	273	755	732	2242	1046	1291	73270	308	7667	5295	868	13584	275	968	554	1089	2259	199	164	191283	2795	135969	62039	116456	69354	8181	5835	3438	53400	1221	313707	953	9660	51823	951	5586	3184	3746	1840	1440	1114	312310	15393	39772	2781	656	112658	415	122431	13586	9099	71974	755	2290	202590	28588	7071	17323	703	1319	102321	2151	9678	59	4560	45253	2342	192	198910	1102	2217	129411	73549	521	18700	229	163444	5968	231	79647	4501	3252	81194	114	85770	6312	7280	3790	157	94968	4099	1276	83023	567	618	276	1127	2144	63995	41784	4778	11449	57204	8923	484	5681	145	606	223	30319	40234	148	1648	51539	349134	6018	199	112659	35357	728	7418	43170	192	347	1568	1312	776	124	131501	6419	664	3099	147	497	172042	3847	7448	56934	2487	462	20397	152	702	122466	2444	706	101275	23174	757	640	8048	968	431	522	355	108164	604	16313	5460	1084	3207	188303	135	13311	280	22044	2782	65431	14192	499	366	1162	2699	29930	514	434	22079	577	4164	1722	506	21023	75167	78	46731	4218	46056	2309	125741	5208	5974	253345	28178	3010	18846	41052	36770	57800	1287	9963	273	321	993	137707	370	12922	194981	4870	771	297	1368	229457	58732	56045	448	8528	763885	658	48772	656	2893	1559	64975	200	556	51415	287097	421	226	4986	105	585	25802	4552	1953	4231	9000	4056	41474	2665	3356	126200	171269	38995	8831	702	53730	35504	1931	93319	279062	87057	61	199	346	633	754	172	678	33067	56110	400	873	69278	129319	123753	60130	2111	389	3507	15128	233505	199381	27077	131955	171403	62368	34873	10666	825	239483	753	83321	1422	175547	3538	827	1649	525	199	564	98	9784	186249	104693	1729	1912	117648	6937	2557	1832	1143	118642	34122	5589	5203	319	196006	13096	492	4268	50175	299	708	68044	48316	550	24	351714	10132	12742	2089	425	187473	1034	132	1712	2623	2869	9442	45823	188085	556072	78545	366	23066	1976	278	209295	81442	33415	487	3397	56290	8235	508499	2730	1102	63991	1658	5499	928	20124	731	45509	1267	256	162480	8049	1832	53182	64072	578	330289	188154	73853	3753	7213	8170	122718	84280	652	538	628	4704	447143	13934	24552	2053	92	182	123920	25332	683	422	605	2024	3829	13870	15745	6713	162933	36	2752	327	5186	1633	118601	2015	968	3513	824	1183	1148	8596	2109	418	106506	428070	3757	2157	54710	2386	6424	24592	337884	2639	1888	1722	11790	1229	22068	2114	44588	897	336	849	122	27022	3118	362	902	3116	2634	81751	2841	2101	8030	316152	10305	28403	122739	1014	36780	2204	3575	2136	150069	503	1247	555	48392	114446	41808	576	1522	82601	791	4031	1114	2636	207984	839	167	76054	716	6051	234	325	3038	3886	1315	12188	640	425	1381	484705	91	703	1646	105	310	14413	900	2594	8186	1151	97	163412	8092	1418	1212	1417	1071	206205	196567	97233	451371	237805	210451	800410	320	1405	568463	152251	64105	62516	19876	137496	215245	13243	276273	195719	30823	58952	121516	144316	44934	2099	9707	2711	117988	1387	37529	227826	14181	11814	263707	330646	69924	21950	4100	45715	429	317	1919	563828	7293	258968	184436	67992	925	32372	411069	18327	144457	3814	172935	24436	62691	20311	96492	9763	106437	101750	12347	90015	1321	27737	9530	122546	158980	299308	74100	161149	24394	4898	1760	42725	100587	183580	32804	42366	46983	484017	286387	11233	667039	1404	17617	85629	87058	4983	869605	29922	153605	589397	192065	92180	14693	885893	814	25153	40712	32455	4904	265	42867	361565	160463	34706	8849	108607	13620	128276	4769	39338	20570	29952	134096	3720	121230	13677	1434	40674	129061	11117	9819	145549	8087	96185	450436	371344	801593	33061	60466	795	566642	92765	219124	62785	118155	51489	15585	220586	217373	47942	1056398	91077	19309	249547	131813	61551	211110	57174	190224	50724	170747	334683	142895	44743	124063	285204	14722	145668	319829	190456	2727	48122	58104	3892	31052	80656	59578	51792	118411	73429	9052	72404	37474	37298	20576	73445	1668019	1502	42247	16266	79558	54885	83958	46677	96710	80643	953898	572414	241918	89641	292780	25338	428657	190133	53666	503117	183242	33858	20042	737	192087	127899	36971	224019	33537	29845	12124	25563	4262	163469	63382	31268	223613	31880	143390	591376	85699	6255	35034	317743	72496	1003542	437	27427	188064	478583	216846	82343	110882	27990	32672	1662	29554	48387	144816	95238	19812	367031	34750	213032	115700	93252	335835	164475	174214	224711	9437	6300	114432	102280	38452	306266	152028	27500	22022	90568	271467	8511	340572	55520	40196	1691	13563	46598	41252	34010	25304	164765	147774	16889	48635	124174	5015	417141	72963	13402	265750	217139	121375	7502	3792	14272	41297	89757	69967	30923	102997	1489	43797	156193	7888	27073	64195	11221	124195	7780	459558	207288	149148	2412	456	432	865	116577	12749	135316	117171	9600	1542	57043	230534	140341	99	5910	432	1329	163651	201584	2535	19277	4748	155326	2514	563517	55357	1894	142359	730	9004	232882	445572	238046	1108	672	437	2863	898	2125	225757	2358	83034	663	843	594190	1675	45150	239465	3232	9276	556	9635	50253	5906	1866	232044	21905	267973	92682	148254	105865	3101	253845	78252	4489	8343	1073	1029442	1720	8277	85912	23130	423	80685	5494	7196	4207	67819	367756	864	330554	386678	736	73898	228	944	89208	182217	8080	1818	1585750	843	87453	21476	30143	2243	27206	15708	17789	169	12301	111750	2919	1142147	79396	39680	81577	251747	6375	112773	19657	916	1191	819	148301	39964	231	659	6979	12072	26834	59903	460	3792	266069	1522	364156	2459	5705	17957	441044	2786	268	233806	2111	123	1374	11782	47153	1148	1490	2376	52356	108811	132413	41828	6926	286060	2413	1492	8995	67683	7789	6948	2526	697	187261	1998	209591	431127	3024	758	2678	104180	9633	34749	1680	173340	67848	101883	2619	1541457	75834	11839	307817	1296	73081	431269	191113	763	169758	7415	2618	2822	191890	2265	6516	6176	2559	108212	55011	261993	40847	228729	958	4125	336	69240	2055	76858	29397	86685	641	3607	68708	2412	5938	430	177	384	49335	1210	7744	389415	586	54981	121916	2239	414186	440763	24848	21473	591	2936	5075	57973	10499	36436	154346	229386	47687	6695	11109	1749	3714	217	54816	8171	3088	543116	2988	177600	194049	70006	176498	22999	364	2689	16350	517	17095	19625	184900	3126	23671	39975	197639	185240	1389	103026	1371	750657	950	49888	4713	154271	118809	7234	121682	1060	4142	309387	435857	252	3758	1024	572	1401	62643	7323	8973	170835	33341	1565565	512421	29055	28769	181891	4296	84166	209851	3357	136965	852	1670	169087	218736	320897	866895	222488	3917	484	119590	96505	19634	84385	4109	383	157341	13115	5039	2158	4115	1911	137515	146955	1456	1969	6441	22478	1530	8363	1743980	3159924	1357	98464	16070	167554	1443	402000	9332	183515	44373	423	361933	6855	14749	8356	3830	253	6103	112700	136221	22753	11217	111509	25001	4676	23494	855195	29543	201513	2139	192372	46117	1395	2195
Bacteria	Spirochaetes	0	11	1	0	0	0	0	0	0	0	2	0	0	0	0	0	0	0	0	0	0	0	1	0	0	0	0	0	0	0	0	1	0	0	0	1	0	0	2	0	0	0	0	1	0	0	2	0	0	2	0	1	0	4	0	0	0	4	2	0	1	0	0	0	0	0	1	1	0	0	0	0	0	0	0	0	0	0	1	0	0	2	0	0	0	0	0	0	0	0	0	0	0	0	0	5	0	0	5	0	0	2	0	0	0	3	0	0	0	0	0	0	0	0	0	0	0	0	2	2	0	6	0	0	0	4	0	0	0	5	0	0	0	11	0	0	0	2	0	0	0	0	0	0	0	0	0	0	0	0	0	2	0	1	0	0	0	0	0	1	1	0	0	1	0	1	2	0	0	0	0	7	0	0	0	0	0	8	0	0	0	0	0	1	0	0	0	0	0	0	0	0	1	0	1	0	0	0	0	0	5	0	4	0	1	1	0	1	1	0	0	0	0	0	0	0	0	1	0	1	0	0	5	0	0	0	0	3	0	0	0	3	13	0	0	0	0	0	0	0	0	1	2	0	0	0	0	0	1	0	0	0	0	0	0	1	1	2	0	1	3	0	1	0	0	4	1	3	0	0	0	1	0	0	0	0	0	0	1	3	0	1	8	0	0	0	3	6	0	0	3	0	0	0	0	1	5	0	0	0	1	0	0	0	0	1	0	0	2	8	5	0	0	1	0	0	0	0	4	0	0	0	0	0	0	0	0	1	0	0	0	1	0	0	9	0	0	0	0	10	0	0	0	0	0	0	2	2	17	0	0	1	0	0	4	0	3	0	2	0	0	1	0	1	0	1	1	1	0	0	5	0	0	0	0	2	0	0	0	7	2	0	0	1	0	3	0	0	1	0	1	4	0	0	0	0	0	4	0	0	0	0	0	0	0	0	0	1	0	1	0	0	0	1	0	0	0	0	0	0	1	0	0	0	3	0	0	0	0	0	0	0	0	0	0	1	0	0	0	0	0	0	0	0	0	0	0	0	0	0	0	0	0	0	1	0	0	2	0	0	0	0	1	3	0	0	0	4	14	2	0	0	0	0	0	0	0	1	0	0	0	0	0	1	0	0	0	0	1	0	0	1	104	0	0	1	0	0	0	0	0	0	0	0	0	0	0	1	0	0	0	3	12	9	0	15	0	0	0	0	0	4	1	0	0	0	0	2	3	0	6	3	0	0	0	0	1	0	0	0	0	0	0	0	0	0	1	0	0	0	0	0	0	9	0	3	0	0	12	2	0	0	0	9	0	1	1	1	0	0	2	22	1	0	4	0	2	0	9	0	0	0	0	0	0	9	8	0	0	0	8	5	0	7	0	0	0	6	0	37	1	0	0	3	2	0	13	0	0	13	2	0	0	0	0	2	1	8	1	2	2	0	2	0	0	0	0	1	0	0	1	11	0	1	2	0	0	1	1	0	3	5	0	5	0	7	1	1	1	0	0	2	1	0	2	0	0	0	0	1	0	5	1	1	0	0	0	14	21	0	3	105	24	0	4	0	0	5	0	0	1	6	0	0	1	0	0	1	0	0	0	1	0	1	0	5	0	0	63	28	0	29	0	0	0	4	0	2	0	4	1	0	0	0	1	0	21	4	1	2	0	0	0	3	0	12	1	0	9	0	0	8	2	5	0	0	14	0	0	0	0	0	0	1	0	0	4	3	6	2	1	11	3	10	10	2	1	0	1	0	1	5	3	0	17	0	0	0	0	18	0	0	0	0	0	0	0	3	4	0	0	11	0	4	0	0	0	2	0	4	5	2	0	0	0	1	1	1	0	2	0	1	7	4	0	0	0	2	0	20	0	1	1	0	0	0	0	0	12	0	0	2	0	0	0	0	0	0	0	0	10	0	0	3	0	0	5	3	0	4	0	2	1	18	4	1	0	0	0	1	0	4	0	7	0	1	28	0	0	17	1	0	0	0	0	0	0	1	0	8	0	0	0	0	1	3	0	0	0	1	0	8	0	0	0	0	0	1	0	0	12	0	2	0	0	0	0	0	0	7	0	0	0	0	2	0	1	0	0	0	6	0	0	1	0	39	2	1	9	4	0	1	3	0	0	0	27	0	0	0	3	0	0	6	0	0	4	1	0	0	0	0	3	0	0	0	0	0	0	0	0	0	0	0	0	5	1	34	0	0	0	0	0	56	2	0	0	0	13	0	1	3	0	0	0	0	0	0	1	1	0	3	2	0	3	7	5	0	4	6	0	0	1	0	0	0	0	0	0	0	0	1	8	0	0	0	0	0	0	6	0	4	0	1	0	0	0	1	0	0	0	0	0	0	0	9	0	6	0	0	2	5	0	0	0	0	0	0	0	0	0	9	0	0	1	1	2	0	1	0	1	42	0	0	0	6	3	2	0	0	0	0	4	4	0	0	0	1	1	4	0	0	1	0	0	1	0	0	0	0	3	0	1	1	1	1	0	0	0	0	4	3	0	3	0	0	1	2	2	10	0	3	0	0	7	1	0	1	0	1	0	27	0	0	6	2	0	6	0	0	12	0	1	0	7	0	1	7	0	0	0	0	0	0	0	2	0	1	0	0	0	0	2	8	0	0	0	0	0	0	0	0	0	1	0	2	0	1	2	0	0	0	2	1	0	3	0	0	0
Bacteria	Synergistetes	0	0	0	0	0	0	0	0	0	0	0	0	0	0	0	0	0	0	0	0	0	0	0	0	0	0	0	0	0	0	0	0	0	0	0	0	0	0	0	0	0	0	0	0	0	0	0	0	0	0	0	0	0	0	0	0	0	0	0	0	0	0	0	0	0	0	0	0	0	0	0	0	0	0	0	0	0	0	0	0	0	0	0	0	0	0	0	0	0	0	0	0	0	0	0	0	0	0	0	0	0	0	0	0	0	0	0	0	0	0	0	0	0	0	0	0	0	0	0	0	0	0	0	0	0	0	0	0	0	0	0	0	0	0	0	0	0	0	0	0	0	0	0	0	0	0	0	0	0	0	0	0	0	0	0	0	0	0	0	0	0	0	0	0	0	0	0	0	0	0	0	0	0	0	0	0	0	0	0	0	0	0	0	0	0	0	0	0	0	0	0	0	0	0	0	0	0	0	0	0	0	0	0	0	0	0	0	0	0	0	0	0	0	0	0	0	0	0	0	0	0	0	0	0	0	0	0	0	0	0	0	0	0	0	0	0	0	0	0	0	0	0	0	0	0	0	0	0	0	0	0	0	0	0	0	0	0	0	0	0	0	0	0	0	0	0	0	0	0	0	0	0	0	0	0	0	0	0	0	0	0	0	0	0	0	0	0	0	0	0	0	0	0	0	0	0	0	0	0	0	0	0	0	0	0	0	0	0	0	0	0	0	0	0	0	0	0	0	0	0	0	0	0	0	0	0	0	0	0	0	0	0	0	0	0	0	0	0	0	0	0	0	0	0	0	0	0	0	0	0	0	0	0	0	0	0	0	0	0	0	0	0	0	0	0	0	0	0	0	0	0	0	0	0	0	0	0	0	0	0	0	0	0	0	0	0	0	0	0	0	0	0	0	0	0	0	0	0	0	0	0	0	0	0	0	0	0	0	0	0	0	0	0	0	0	0	0	0	0	0	0	0	0	0	0	0	0	0	0	0	0	0	0	0	0	0	0	0	0	0	0	0	0	0	0	0	0	0	0	0	0	0	0	0	0	0	0	0	0	0	0	0	0	0	0	0	0	0	0	0	0	0	0	0	0	0	0	0	0	0	0	0	0	0	0	0	0	0	0	0	0	0	1	0	0	0	0	0	0	0	0	0	0	0	0	0	0	0	0	0	0	0	0	0	0	0	0	0	0	0	0	0	0	0	0	0	0	0	0	0	0	0	0	0	0	0	0	0	0	0	0	0	0	0	0	0	0	0	0	0	0	0	0	0	0	0	0	0	0	0	0	0	0	0	0	0	0	0	0	0	0	0	0	0	0	0	0	0	0	0	0	0	0	0	0	0	0	0	0	0	0	0	0	0	0	0	0	0	0	0	0	0	0	0	0	0	0	0	0	0	0	0	0	0	0	0	0	0	0	0	0	0	0	0	0	0	0	0	0	0	0	0	0	0	0	0	0	0	0	0	0	0	0	0	0	0	0	0	0	0	0	0	0	0	0	0	0	0	0	0	0	0	0	0	0	0	0	0	0	0	0	0	0	0	0	0	0	0	0	0	0	0	0	0	0	0	0	0	0	0	0	0	0	0	0	0	0	0	0	0	0	0	0	0	0	0	0	0	0	0	0	0	0	0	0	0	0	0	0	0	0	0	0	0	0	0	0	0	0	0	0	0	0	0	0	0	0	0	0	0	0	0	0	0	0	0	0	0	0	0	0	0	0	0	0	0	0	0	0	0	0	0	0	0	0	0	0	0	0	0	0	0	0	0	0	0	0	0	0	0	0	0	0	0	0	0	0	0	0	0	0	0	0	0	0	0	0	0	0	0	0	0	0	0	0	0	0	0	0	0	0	0	0	0	0	0	0	0	0	0	0	0	0	0	0	0	0	0	0	0	0	0	0	0	0	0	0	0	0	0	0	0	0	0	0	0	0	0	0	0	0	0	0	0	0	0	0	0	0	0	0	0	0	0	0	0	0	0	0	0	0	0	0	0	0	0	0	0	0	0	0	0	0	0	0	0	0	0	0	0	0	0	0	0	0	0	0	0	0	0	0	0	0	0	0	0	0	0	0	0	0	0	0	0	0	0	0	0	0	0	0	0	0	0	0	0	0	0	0	0	0	0	0	1	0	0	0	0	0	0	0	0	0	0	0	0	0	0	0	0	0	0	0	0	0	0	0	0	0	0	0	0	0	0	0	0	0	0	0	0	0	0	0	0	0	0	0	0	0	0	0	0	0	0	0	0	0	0	0	0	0	0	0	0	0	0	0	0	0	0	0	0	0	0	0	0	0	0	0	0	0	0	0	0	0	0	0	0	0	0	0	0	0	0	0	0	0	0	0	0	0	0	0	0	0	0	0	0	0	0	0	0	0	0	0	0	0	0	0	0	0	0	0	0	0	0	0	0	0	0	0	0	0	0	0	0	0	0	0	0	0	0	0	0	0	0	0	0	0	0	0	0	0	0	0	0	0	0	0	0	0	0	0	0	0	0	0	0	0	0	0	0	0	0	0	0	0	0	0	0	0	0	0	0	0	0	0	0	0	0	0	0	0	0	0	0	0	0	0	0	0	0	0	0	0	0	0	0	0	0	0	0	0	0	0	0	0	0	0	0	0	0	0	0	0	0	0	0	0	0	0	0	0	0	0	0	0	0	0
Bacteria	Tenericutes	0	0	0	0	0	0	0	0	0	0	0	0	0	0	0	0	0	0	0	0	0	0	0	0	0	0	0	0	0	0	0	0	0	0	0	0	0	0	0	0	0	0	0	0	0	0	0	0	0	0	0	0	0	1	0	0	0	1	1	0	0	0	0	0	0	0	0	0	0	0	0	0	0	0	0	0	0	0	0	0	0	0	0	0	0	0	0	0	0	0	0	0	0	0	0	0	0	0	0	0	0	0	0	0	0	0	0	0	0	0	0	0	0	0	0	0	0	0	0	0	0	0	0	0	0	0	0	0	0	0	0	0	0	0	0	0	0	0	0	0	0	0	0	0	0	0	0	0	0	0	0	0	0	0	0	0	0	0	0	0	0	0	0	0	0	0	0	0	0	0	0	0	0	0	0	0	0	0	0	0	0	0	0	0	0	0	0	0	0	0	0	0	0	0	0	0	0	0	0	0	0	0	0	0	0	0	0	0	0	0	0	0	0	0	0	0	0	0	0	0	0	0	0	0	0	0	0	0	0	0	0	2	0	0	0	0	0	0	0	0	0	0	0	0	0	0	0	0	0	0	0	0	0	0	0	0	0	0	0	0	0	0	0	0	0	0	0	0	0	0	0	0	0	0	0	0	0	0	0	0	0	0	0	0	0	0	0	0	0	0	0	0	0	0	0	0	0	0	0	0	0	0	0	0	0	0	0	0	0	0	0	0	0	0	0	0	0	0	1	0	0	0	0	0	0	0	0	0	0	0	0	0	0	0	0	0	0	0	0	0	0	0	0	0	0	0	0	0	0	0	0	0	0	0	0	0	0	0	0	0	0	0	0	0	0	0	0	0	0	0	0	0	0	0	0	0	0	0	0	0	0	0	0	0	0	0	0	0	0	0	0	0	0	0	0	0	0	0	0	0	0	0	0	0	0	0	0	0	0	0	0	0	0	0	0	0	0	0	0	0	0	0	0	0	1	0	0	0	0	0	0	0	0	0	0	0	0	0	0	0	0	0	0	0	0	0	0	0	0	0	0	0	0	0	1	0	0	0	0	0	0	0	0	0	0	0	0	0	0	0	0	0	0	0	0	0	0	0	0	0	0	0	0	0	0	0	0	0	0	0	0	0	0	0	0	0	0	0	0	0	0	0	0	0	0	0	0	0	0	0	0	0	0	0	0	0	0	0	0	0	0	0	0	0	0	0	0	0	0	0	0	0	0	0	0	0	0	0	0	0	0	0	0	0	0	1	0	0	0	0	0	0	2	1	0	1	0	0	0	0	0	0	0	0	0	0	0	0	0	0	0	0	0	0	0	0	0	0	0	0	0	0	0	0	0	0	0	0	0	0	0	0	0	0	0	0	0	0	0	0	0	0	0	0	1	0	0	0	0	0	0	0	0	0	0	0	0	0	0	0	0	0	0	0	0	0	0	0	0	0	0	0	0	0	0	0	0	0	0	0	0	0	0	0	0	0	0	0	0	0	0	0	0	0	0	0	0	0	0	0	0	0	0	0	0	0	0	0	0	0	0	0	0	0	0	0	0	0	0	0	0	0	0	0	0	0	0	0	0	0	0	0	0	0	0	0	0	0	0	0	0	0	0	0	0	0	0	0	0	0	0	0	0	0	0	0	0	0	0	0	0	0	0	0	0	0	0	0	0	0	0	0	0	0	0	0	0	0	0	0	0	0	0	0	0	0	0	0	0	0	0	0	0	0	0	0	0	0	0	0	0	0	0	0	0	0	0	0	0	0	0	0	0	0	0	0	0	0	0	0	0	0	0	0	0	0	0	0	0	0	0	0	0	0	0	0	0	0	0	0	0	0	0	0	0	0	0	0	0	0	0	0	0	0	0	0	0	0	0	0	1	0	0	0	0	0	0	0	0	0	0	0	0	0	0	0	0	0	0	0	0	0	0	0	0	0	0	0	0	0	0	0	0	0	0	0	0	0	0	0	0	0	0	0	0	0	0	0	0	0	0	0	0	0	0	0	0	0	0	0	0	0	0	0	0	0	0	0	0	0	0	0	0	0	0	0	0	0	0	0	0	0	0	0	0	0	0	0	0	0	0	0	0	0	0	0	0	0	0	0	0	0	0	0	0	0	0	0	0	0	0	0	0	0	0	0	0	0	0	0	0	0	0	0	0	0	0	0	0	0	0	0	0	0	0	0	0	0	0	0	0	0	0	0	0	0	0	0	0	0	0	0	0	0	0	0	0	0	0	0	0	0	0	0	0	0	0	0	0	0	0	0	0	0	0	0	0	0	0	0	0	0	0	0	0	0	0	0	0	0	0	0	0	0	0	0	0	0	0	0	0	0	0	0	0	0	0	2	0	0	0	0	0	0	0	0	0	1	0	0	0	0	0	0	0	0	0	0	0	0	0	0	0	0	0	0	0	0	0	0	0	0	2	0	0	0	0	0	0	0	0	0	0	0	0	0	0	0	0	0	0	0	0	0	0	0	0	0	0	0	0	0	0	0	0	0	0	0	0	0	0	0	0	0	0	0	0	0	0	0	0	0	0	0	0	0	0	0	0	0	0	0	0	0	0	0	0	0	0	0	0	0	0	0	0	0	0	0	0	0	0	0	0	0	0	0	0	0	0	0	0	0	0	0	0	0	0	0	0	0	0	0	0	0	0	0	0	0	0
Bacteria	Unassigned	72	17957	2527	677	456	640	54	4	13	134	299	76	1013	816	230	71	42	59	99	209	125	92	306	8	158	954	119	1046	21	30	49	57	101	82	6	1958	244	1530	1818	1737	1004	453	562	160	700	45	6193	140	2720	1097	19	344	363	287	189	178	128	5135	1493	732	1125	27	637	20	1398	1045	586	340	54	236	7642	504	356	954	97	273	1152	95	841	8	169	3624	83	12	7321	86	71	6257	5931	39	1259	21	1864	149	5	2601	134	151	1499	31	1578	560	1880	206	4	551	300	523	5223	32	50	16	86	560	1460	169	551	1159	2789	1541	18	1215	5	41	24	912	2775	13	93	1027	7997	203	5	1753	442	24	46	592	6	38	175	99	20	9	1896	917	44	214	11	19	5388	366	589	1783	251	64	1187	22	124	7642	541	85	1264	1223	30	69	472	82	12	51	10	1644	29	667	365	47	344	3590	9	634	11	10376	688	4460	1160	43	57	144	451	673	23	10	1785	78	245	38	38	1083	2874	5	2064	353	2069	132	4310	301	374	5731	1585	260	113	1242	647	1181	106	365	9	23	105	1569	42	1741	4765	719	66	11	97	11525	262	2414	117	2506	15022	27	548	66	104	206	388	12	55	418	7734	41	12	1367	8	22	203	319	170	110	1733	237	1684	269	157	2296	1652	567	1197	71	2036	1086	68	2268	8862	4926	6	8	30	74	205	14	56	1977	1558	24	67	5745	8371	1332	4785	136	40	370	1579	7779	2287	383	6188	6331	1369	2571	755	303	5277	81	3037	160	2899	417	40	459	26	26	139	12	711	9929	4350	177	104	2501	1246	404	160	74	2238	474	477	60	90	1628	2027	12	561	2597	37	45	431	2186	31	3	40790	506	669	95	42	15580	58	4	149	111	421	1260	781	1771	36029	1197	25	215	103	6	7249	482	2710	89	526	484	478	16864	84	230	2222	350	215	54	2094	38	789	51	13	1593	295	113	467	738	49	16056	1958	1555	237	520	283	4301	456	106	310	34	524	17294	544	536	149	12	16	4147	1645	53	22	61	20	210	3364	330	301	4755	5	270	40	144	120	2553	122	218	456	87	56	99	402	332	64	1357	1835	116	203	326	209	588	154	4024	481	151	54	452	80	1325	170	1817	63	24	70	6	1299	361	33	154	126	454	3852	76	107	295	8668	713	518	771	86	1214	377	142	26	8199	58	332	42	2286	9668	3423	54	545	1557	156	298	34	596	4246	61	18	1027	57	3029	26	16	174	523	144	1804	16	31	88	8617	10	55	119	20	32	683	56	127	220	163	15	6009	379	55	77	42	94	5256	2477	10539	13244	14100	7901	20368	17	215	170	474	2069	570	1641	2312	5109	1016	10236	3748	2099	3586	2331	2016	2220	146	383	61	5137	52	580	27168	370	202	18662	4056	448	1008	344	3076	13	19	125	6871	1159	5450	15586	4759	41	2353	4949	1542	767	121	9310	803	2006	505	2674	1668	4791	6362	1576	2329	68	2868	635	4748	816	27326	2866	13142	334	229	1846	1005	3062	4697	10885	975	1423	17326	15063	772	21960	1606	5107	4934	6143	443	49589	2121	21519	2607	3392	5105	3996	36839	95	985	985	1016	138	21	3539	70374	8096	5508	1360	9165	1378	5395	1511	1250	270	273	731	1125	3238	966	83	606	6045	351	955	41134	350	6145	36863	6479	2356	1847	3818	83	3154	1848	18403	4193	4033	3395	1134	370	12092	1923	88515	4594	262	5742	3823	2195	2287	3907	3690	3101	6901	4394	1978	2401	8362	33152	666	7338	20076	21768	129	1601	860	182	1624	2536	4151	740	8925	10795	236	5003	1045	2449	1254	1895	40835	61	1264	382	3423	411	3327	510	5814	5896	22300	103321	29572	12515	3907	1007	17616	30333	2005	17510	11966	4402	450	24	5776	1076	164	9102	2082	778	707	1506	216	60	1681	1233	23759	1350	9865	15631	3287	417	3109	11269	4001	22122	21	1740	10677	11764	3615	1375	6186	1180	727	148	371	262	16545	2259	565	24209	2549	8717	6603	4211	20067	2074	3506	6975	436	167	3279	8217	566	28952	2311	653	213	569	27281	63	1521	3156	174	156	367	222	4183	1563	125	844	5013	1166	4232	3115	393	23006	4114	476	6984	14171	1817	478	1153	662	1437	1308	2598	2046	2736	73	2487	1359	514	561	178	632	11500	1413	3434	21	3478	336	21	14	122	820	90	3379	7182	255	43	1129	3281	2555	5	289	50	63	6127	6933	33	1570	501	2052	271	43923	1376	105	12039	62	1192	3910	3460	9031	142	78	28	544	91	236	3352	215	4117	107	91	4346	95	922	3547	352	869	45	1066	4408	900	290	3407	684	1127	6540	971	1333	109	1217	1652	367	738	11	20187	338	678	3261	691	33	21792	176	1149	461	1501	4550	77	23951	10535	87	4079	5	72	2509	1712	438	178	18644	92	1795	1997	1339	160	876	118	465	9	496	1576	42	20532	5442	1380	7356	12555	366	2317	980	117	241	137	12300	7520	19	112	250	815	788	10839	57	599	2577	168	1749	40	256	588	109579	269	17	11922	213	6	58	163	852	145	114	85	1100	3588	3317	3176	391	11634	239	249	2367	22938	1055	539	67	65	4073	102	2127	10216	34	43	464	1463	441	631	365	5979	2549	2294	2577	57216	8175	1107	18123	150	3068	4238	4790	39	8237	2806	108	218	11357	600	289	849	29	1472	7639	3053	4671	5725	67	1360	7	9854	529	2534	1795	1733	12	133	857	385	268	23	6	53	371	125	123	8145	34	1107	2256	131	6169	28520	496	1466	53	598	310	831	1430	1547	8830	9898	1567	223	2601	167	464	3	896	495	825	16335	273	8778	2517	2111	1110	4628	23	78	1003	26	1822	1520	40	197	4019	7376	40343	17256	37	2831	120	45	121	1477	193	6828	995	381	923	101	536	4288	5503	57	207	43	27	212	6649	895	927	1152	30394	82099	9728	2867	744	3306	395	2633	8025	118	14678	152	114	3206	10049	6599	132	16251	164	83	8576	4392	7367	3662	386	23	3014	410	708	146	846	95	6095	17058	189	600	483	1123	112	327	162	40128	153	3908	1375	2721	118	5044	833	6674	3316	22	27709	966	621	384	72	26	306	3001	3917	2422	698	2260	2243	78	2142	30546	2776	2901	110	3378	4190	408	190
Bacteria	Verrucomicrobia	237	3742	4556	309	209	406	74	22	19	66	2510	62	3116	235	741	99	31	41	117	303	159	23	1248	24	64	363	32	3671	43	62	91	85	59	7	12	8134	59	2303	5283	2466	1372	133	639	112	278	91	7003	58	100	2007	76	247	98	136	245	157	77	15157	774	919	319	32	5161	10	2056	887	770	1263	73	151	6851	4466	138	68	48	56	2378	199	1828	10	304	2996	147	20	7644	40	69	4970	2435	5	858	29	2763	302	9	4303	132	149	2688	1	1493	522	1050	179	31	2192	179	74	3881	36	81	24	29	106	2004	1225	157	1072	1950	1634	21	182	13	36	6	2563	2114	28	201	3413	5262	507	29	4969	2255	40	151	1237	8	7	290	74	38	6	3753	609	28	122	9	31	11711	335	322	2656	105	7	1014	16	131	1159	20	30	1509	509	52	16	566	34	23	14	10	4898	71	338	239	67	91	16320	6	389	60	21	345	3450	935	90	102	171	23	439	42	11	1493	82	369	70	68	908	1913	84	5837	279	5716	172	7448	221	273	5505	2453	89	513	1128	1653	2170	144	697	37	32	43	3128	11	823	1308	349	34	20	73	5490	1067	2560	62	974	29566	97	908	29	192	23	3969	22	56	1316	7878	12	6	54	18	82	649	193	33	138	86	167	1547	131	167	19734	5047	1146	341	8	2106	2524	70	628	2492	1942	0	9	31	38	73	10	58	1763	1045	14	147	2328	489	2920	4104	128	54	261	1014	14184	1127	1802	7482	6232	861	1400	734	46	13547	39	1946	36	6366	210	42	122	12	9	28	8	587	13156	5856	47	184	2520	1294	123	363	70	1657	587	175	637	38	16327	649	27	305	1267	42	56	4152	1562	29	21	7201	228	225	204	22	3992	76	49	136	180	52	490	549	22965	24538	5143	11	1481	102	4	2199	3215	670	131	111	518	388	11096	158	12	2135	65	98	76	1003	30	566	93	23	10147	581	120	549	349	116	11907	4484	2757	105	818	37	3953	3218	48	27	72	224	172	276	766	129	55	5	10133	1907	8	41	8	68	284	496	457	246	5075	0	217	33	285	100	2772	182	152	231	124	32	47	161	53	46	1563	6899	29	167	2469	100	364	674	5940	232	84	84	395	33	1591	112	1681	46	35	19	6	576	735	60	83	172	428	3138	107	69	205	7495	415	1522	2601	75	328	297	89	62	3341	59	357	32	1296	2415	1280	37	148	1853	95	241	32	85	2408	63	11	775	34	310	77	22	214	257	120	667	17	9	191	31506	14	29	193	19	49	354	57	123	143	330	14	2043	264	41	134	25	163	390	3945	1157	10393	13716	13800	1704	28	60	161	148	4130	5679	477	1417	9985	123	2886	4946	1075	791	3095	3985	2411	32	123	17	2376	196	367	4189	1078	121	9293	234	50	224	87	1538	19	15	79	4533	147	5067	11184	719	135	2520	402	439	1677	77	2842	82	5793	550	4465	16	2013	1579	487	6576	31	325	285	6174	3339	4272	3696	5220	1409	68	7	1980	2533	9032	389	1873	1686	9289	11318	436	7275	3	10	4447	2508	183	14769	391	856	11691	5444	3493	102	19326	36	1309	1461	784	56	12	1054	9002	4170	78	187	3756	230	2714	7	3540	705	1984	221	61	3384	424	12	849	7428	254	190	31851	367	1356	10171	8722	603	2661	722	36	13518	5099	5283	1731	1980	2535	421	69	3430	3523	13151	1509	610	359	4300	321	5258	613	10830	3108	2056	18647	3050	575	6724	3980	281	1901	12491	11134	69	1731	2209	22	1131	1077	846	1315	4627	888	201	1447	832	641	359	2071	3426	47	591	324	3035	2788	993	491	5448	4111	3355	9831	2546	1096	5401	1865	14015	3416	5205	2463	9675	5760	1667	105	30195	7684	1790	11467	1172	1610	264	382	28	75	1433	1683	7303	2361	1488	7860	8582	61	1351	6701	1219	1670	38	1382	8002	6915	3384	753	5569	513	580	56	480	357	2368	5413	759	20594	2792	2433	9548	7029	13643	2268	13830	410	44	182	7269	1226	761	2593	2328	593	239	2378	3187	21	20	4018	1937	20	321	42	500	1915	257	3505	5792	165	654	5356	130	17031	1207	196	7141	9800	4650	110	51	542	503	3296	3107	453	3097	31	603	6251	109	221	222	609	9563	816	9447	25	8387	434	3	25	30	14346	65	3963	901	107	35	1511	339	1415	5	72	26	37	7531	2730	5	875	261	741	101	10624	1329	15	11670	46	1182	38	27250	5710	34	22	5	312	57	149	9979	51	5045	27	100	15615	230	207	8846	1	301	8	1192	93	186	188	3562	1525	11498	263	60	1530	139	18968	2876	287	1121	13	24426	366	481	3689	197	45	3657	165	125	128	650	15631	165	7334	4	0	7796	23	276	6017	5667	232	175	24	15	2107	59097	382	125	543	260	661	4	561	8087	158	4266	130	3672	5671	3956	357	5535	1244	21	277	86	7765	1085	4	63	408	646	65	4312	3	116	3586	194	9442	12	298	7	12633	73	51	165	520	46	45	227	666	75	22	64	496	9145	9675	821	73	39172	88	23	2138	197	259	101	35	18	1811	74	7294	568	378	0	53	181	721	385	88	30	7887	5202	672	59	1358	1331	4847	38	2912	14895	8221	115	5065	520	6	247	56	105	96	309	7	5662	6374	5164	887	11285	14	104	32	3927	250	6199	1155	6087	24	151	189	71	1275	4	2	22	959	140	45	1256	119	1256	132	7	110	6984	1156	575	68	394	543	153	148	515	7906	5514	4	1	400	130	137	28	2168	206	296	26370	182	9944	26	1460	4932	808	21	162	273	10	1580	2811	28	97	3234	1043	4290	10738	156	1129	117	77	103	4475	361	2354	16926	622	2993	118	108	10077	4098	9	160	52	228	82	5826	1110	208	97	43	31	12959	2232	266	5478	127	4563	7796	0	12348	21	91	6380	12977	17721	80	5530	141	90	9751	5203	904	10024	233	21	9151	211	403	112	216	110	3814	3012	78	410	91	527	21	257	173	43	188	5486	245	8342	87	1214	862	3879	13	14	5	731	382	375	43	34	36	777	1782	330	321	1078	836	222	618	8246	3100	16034	177	4379	7659	104	320
Bacteria	candidate_division_NC10	0	0	0	0	0	0	0	0	0	0	0	0	0	0	0	0	0	0	0	0	0	0	0	0	0	0	0	0	0	0	0	0	0	0	0	0	0	0	0	0	0	0	0	0	0	0	0	0	0	0	0	0	0	0	0	0	0	0	0	0	0	0	0	0	0	0	0	0	0	0	0	0	0	0	0	0	0	0	0	0	0	0	0	0	0	0	0	0	0	0	0	0	0	0	0	0	0	0	0	0	0	0	0	0	0	0	0	0	0	0	0	0	0	0	0	0	0	0	0	0	0	0	0	0	0	0	0	0	0	0	0	0	0	0	0	0	0	0	0	0	0	0	0	0	0	0	0	0	0	0	0	0	0	0	0	0	0	0	0	0	0	0	0	0	0	0	0	0	0	0	0	0	0	0	0	0	0	0	0	0	0	0	0	0	0	0	0	0	0	0	0	0	0	0	0	0	0	0	0	0	0	0	0	0	0	0	0	0	0	0	0	0	0	0	0	0	0	0	0	0	0	0	0	0	0	0	0	0	0	0	0	0	0	0	0	0	0	0	0	0	0	0	0	0	0	0	0	0	0	0	0	0	0	0	0	0	0	0	0	0	0	0	0	0	0	0	0	0	0	0	0	0	0	0	0	0	0	0	0	0	0	0	0	0	0	0	0	0	0	0	0	0	0	0	0	0	0	0	0	0	0	0	0	0	0	0	0	0	0	0	0	0	0	0	0	0	0	0	0	0	0	0	0	0	0	0	0	0	0	0	0	0	0	0	0	0	0	0	0	0	0	0	0	0	0	0	0	0	0	0	0	0	0	0	0	0	0	0	0	0	0	0	0	0	0	0	0	0	0	0	0	0	0	0	0	0	0	0	0	0	0	0	0	0	0	0	0	0	0	0	0	0	0	0	0	0	0	0	0	0	0	0	0	0	0	0	0	0	0	0	0	0	0	0	0	0	0	0	0	0	0	0	0	0	0	0	0	0	0	0	0	0	0	0	0	0	0	0	0	0	0	0	0	0	0	0	0	0	0	0	0	0	0	0	0	0	0	0	0	0	0	0	0	0	0	0	0	0	0	0	0	0	0	0	0	0	0	0	0	0	0	0	0	0	0	0	0	0	0	0	0	0	0	0	0	0	0	0	0	0	0	0	0	0	0	0	0	0	0	0	0	0	0	0	0	0	0	0	0	0	0	0	0	0	0	0	0	0	0	1	0	0	0	0	0	0	0	0	0	0	0	0	0	0	0	0	0	0	0	0	0	0	0	0	0	0	0	0	0	0	0	0	0	0	0	0	0	0	0	0	0	0	0	0	0	0	0	0	0	0	0	0	0	0	0	0	0	0	0	0	0	0	0	0	0	0	0	0	0	0	0	0	0	0	0	0	0	0	0	0	0	0	0	0	0	0	0	0	0	0	0	0	0	0	0	0	0	0	0	0	0	0	0	0	0	0	0	0	0	0	0	0	0	0	0	0	0	0	0	0	0	0	0	1	0	0	0	0	0	0	0	0	0	0	0	0	0	0	0	0	0	0	0	0	0	0	0	0	0	0	0	0	0	0	0	0	0	0	0	0	0	0	0	0	0	0	0	0	0	0	0	0	0	0	0	0	0	0	0	0	0	0	0	0	0	0	0	0	0	0	0	0	0	0	0	0	0	0	0	0	0	0	0	0	0	0	0	0	0	0	0	1	0	0	0	0	0	0	0	0	0	0	0	0	0	0	0	0	0	0	0	0	0	0	0	0	0	0	0	0	0	0	0	0	0	0	0	0	0	0	0	0	0	0	0	0	1	0	0	0	0	0	0	0	0	0	0	0	0	0	0	0	0	0	0	0	0	0	0	0	0	0	0	0	0	0	0	0	0	0	0	0	0	0	0	0	0	0	0	0	0	0	0	0	0	0	0	0	0	0	0	0	0	0	0	0	0	0	0	0	0	0	0	0	0	0	0	0	0	0	0	0	0	0	0	0	0	0	0	0	0	0	0	0	0	0	0	0	0	0	0	0	0	0	0	0	0	0	0	0	0	0	0	0	0	0	0	0	0	0	0	0	0	0	0	0	0	0	0	0	0	0	0	0	0	0	0	0	0	0	0	0	0	0	0	0	0	0	0	0	0	0	0	0	0	0	0	0	0	0	0	0	0	0	0	0	0	0	0	0	0	0	0	0	0	0	0	0	0	0	0	0	0	0	0	0	0	0	0	0	0	0	0	0	0	0	0	0	0	0	0	0	0	0	0	0	0	0	0	0	0	0	0	0	0	0	0	0	0	0	0	0	0	0	0	0	0	0	0	0	0	0	0	0	0	0	0	0	0	0	0	0	0	0	0	0	0	0	0	0	0	0	0	0	0	0	0	0	0	0	0	0	0	0	0	0	0	0	0	0	0	0	0	0	0	0	0	0	0	0	0	0	0	0	0	0	0	0	0	0	0	0	0	0	0	0	0	0	0	0	0	0	0	0	0	0	0	0	0	0	0	0	0	0	0	0	0	0	0	0	0	0	0	0	0	0	0	0	0	0	0	0	0	0	0	0	0	0	0	0	0	0	0	0	0	0	0	0	0	0	0	0	0	0	0	0	0	0	0	0	0	0	0	0	0	0	0	0	0	0	0	0	0	0	0	0	0	0	0	0	0	0	0	0	0	0	0	0	0
Bacteria	candidate_division_WWE3	0	0	0	0	0	0	0	0	0	0	0	0	0	0	0	0	0	0	0	0	0	0	0	0	0	0	0	0	0	0	0	0	0	0	0	0	0	0	0	0	0	0	0	0	0	0	0	0	0	0	0	0	0	0	0	0	0	0	0	0	0	0	0	0	0	0	1	0	0	0	0	0	0	0	0	0	0	0	0	0	0	0	0	0	0	0	0	0	0	0	0	0	0	0	0	0	0	0	0	0	0	0	0	0	0	0	0	0	0	0	0	0	0	0	0	0	0	0	0	0	0	0	0	0	0	0	0	0	0	0	0	0	0	1	0	0	0	0	0	0	0	0	0	0	0	0	0	0	0	0	0	0	0	0	0	0	0	0	0	0	0	0	0	0	0	0	2	0	0	0	0	0	0	0	0	0	0	0	0	0	0	0	0	0	0	0	0	0	0	0	0	0	0	0	0	0	0	0	0	0	1	0	0	0	0	0	0	0	0	0	0	0	0	0	0	0	0	0	0	0	0	0	0	0	0	0	0	0	0	0	0	0	0	0	0	0	0	0	0	0	0	0	0	0	0	0	0	0	0	0	0	0	0	0	0	0	0	0	0	0	0	0	0	0	0	0	0	0	0	0	0	0	0	0	0	0	0	0	0	0	0	0	0	0	0	0	0	0	0	0	0	0	0	2	0	0	0	0	0	0	0	0	0	0	0	0	0	0	0	0	0	0	0	0	0	0	0	0	0	0	0	0	0	0	0	0	0	0	0	0	0	0	0	0	0	0	0	0	0	0	0	0	0	0	0	0	0	0	0	0	0	0	0	0	0	0	0	0	0	0	0	0	0	0	0	0	0	0	0	0	0	0	0	0	0	0	0	0	0	0	0	0	0	1	0	0	0	0	0	0	0	0	0	0	0	0	0	0	0	0	0	0	0	0	0	0	0	0	0	0	0	0	0	0	0	0	0	0	0	0	0	0	0	0	0	0	0	0	0	0	0	0	0	0	0	0	0	0	0	0	0	0	0	0	0	0	0	0	0	0	0	0	0	0	0	0	0	0	0	0	0	0	0	0	0	0	0	0	0	0	0	0	0	0	0	0	0	0	0	0	0	0	0	0	0	0	0	0	0	0	0	0	0	0	0	0	0	0	0	0	0	0	0	0	0	0	0	0	0	0	0	0	0	0	0	0	0	0	0	0	0	0	0	0	0	0	0	0	0	0	0	0	0	0	0	0	0	0	0	0	0	0	0	0	0	0	0	0	0	0	0	0	0	0	0	0	0	0	0	0	0	0	0	0	0	0	0	0	0	0	0	0	0	0	0	0	0	0	0	0	0	0	0	0	0	0	0	0	0	0	0	0	0	0	0	0	0	0	0	0	0	0	0	0	0	0	0	0	0	0	0	0	0	0	0	0	0	0	0	0	0	0	0	0	0	0	0	0	0	0	0	0	0	0	0	0	0	0	0	0	0	0	0	0	0	1	0	0	0	0	0	0	0	5	0	0	0	0	0	0	0	0	0	0	0	0	0	0	0	0	0	0	0	0	0	0	0	0	0	0	0	0	0	0	1	0	0	0	0	0	0	0	0	0	0	0	0	0	0	0	0	0	0	0	0	0	0	0	0	0	0	0	0	0	0	0	0	0	0	0	0	0	0	0	0	0	0	0	0	1	0	0	0	0	0	0	0	0	0	0	0	0	0	0	0	0	0	0	0	0	0	0	0	0	0	0	0	0	0	0	0	0	0	0	0	0	0	0	0	0	0	0	0	0	0	0	0	0	0	0	0	0	0	0	0	0	0	0	0	0	0	0	0	0	0	0	0	0	0	0	0	0	0	0	0	0	0	0	0	0	0	0	0	0	0	0	0	0	0	0	0	0	0	0	0	0	0	0	0	0	0	0	0	0	0	0	0	0	0	0	0	0	0	0	0	0	0	0	0	0	0	0	0	0	0	0	0	0	0	0	0	0	0	0	0	0	0	0	0	0	0	0	0	0	0	0	0	0	0	0	0	0	0	0	0	0	0	0	0	0	0	0	0	0	0	0	0	0	0	0	0	0	0	0	0	0	0	0	0	0	0	0	0	0	0	0	0	0	0	0	0	0	0	0	0	0	0	0	0	0	0	0	0	0	0	0	0	0	0	0	0	0	0	0	0	0	0	0	0	0	0	0	0	0	0	0	0	0	0	0	0	0	0	0	0	0	0	0	0	0	0	0	0	0	0	0	0	0	0	0	0	0	0	0	0	0	0	0	0	0	0	0	0	0	0	0	0	0	0	0	0	0	0	0	0	0	0	0	0	0	0	0	0	0	0	0	0	0	0	0	0	0	0	0	0	0	0	0	0	0	0	0	0	0	0	0	0	0	0	0	0	0	0	0	0	0	0	0	0	0	0	0	0	0	0	0	0	0	0	0	0	0	0	0	0	0	0	0	0	0	0	0	0	0	0	0	0	0	0	0	0	0	0	0	0	0	0	0	0	0	0	0	0	0	0	0	0	0	0	0	0	0	0	0	2	0	0	0	0	0	0	0	0	0	0	0	0	0	0	0	0	0	0	0	0	0	0	0	0	0	0	0	0	0	0	0	0	0	0	0	0	0	0	0	0	0	0	0	0	0	0	0	0	0	0	0	0	0	0	0	0	0	0	0	0	0	0	0	0
Chloroplast	Unassigned	2	701	474	7	21	15	1	0	0	6	156	8	46	15	30	1	1	6	2	5	8	5	59	0	19	34	9	162	0	3	0	3	6	303	10	2143	6	341	372	308	26	12	26	10	43	5	160	13	15	100	0	5	15	11	8	11	4	619	17	118	14	1	104	1	385	16	12	104	1	13	208	119	11	35	3	9	233	14	22	0	8	1008	3	0	662	2	13	152	1081	3	32	2	881	6	0	408	4	5	244	139	98	18	29	13	1	387	18	7	92	1	4	1	8	5	160	83	19	80	482	205	0	50	7	1	0	160	121	3	6	256	75	23	0	671	195	1	15	87	0	3	2	1	0	0	264	53	0	14	1	0	264	9	22	178	19	0	31	0	5	80	19	10	269	130	4	1	6	0	2	2	0	624	4	15	11	0	18	1163	2	36	2	106	7	222	322	2	0	0	1	51	1	1	21	3	4	2	0	22	39	1	483	7	447	1	528	10	7	274	63	14	13	89	108	92	2	6	0	4	24	333	1	35	1449	11	10	1	4	398	104	407	3	78	1271	7	286	1	3	2	185	0	0	327	840	5	0	9	4	0	143	31	2	4	4	11	247	18	18	576	373	89	13	2	387	70	4	777	242	1516	13	2	2	3	3	0	3	45	72	1	13	1097	71	129	75	5	0	7	22	1111	57	127	545	617	83	15	24	3	713	3	58	2	289	30	2	11	23	2	0	4	8	1044	798	12	9	286	153	17	6	6	112	9	13	68	0	203	17	5	33	103	0	1	212	224	4	0	1751	25	16	2	5	17886	4	3	3	15	6	86	125	1098	1116	491	1	37	8	2	183	98	2939	1	11	122	11	655	6	6	64	5	24	5	37	2	130	4	0	266	14	1	135	31	0	1341	174	292	16	10	174	275	111	3	0	1	6	7	34	49	2	0	0	933	50	8	2	4	1	13	15	3	15	525	11	8	2	6	4	244	4	0	8	6	2	1	11	7	4	249	402	2	4	49	4	3	16	105	17	2	5	43	0	2	1	129	1	0	2	1	24	6	0	11	12	21	113	12	1	10	2304	51	51	488	3	22	2	15	8	846	2	7	3	594	209	44	1	4	254	14	11	2	3	820	1	6	84	2	30	0	1	2	5	2	33	1	4	10	2087	0	13	4	0	0	23	10	27	25	17	0	767	25	6	11	8	0	13	964	443	7461	223	1111	57	0	26	55	4	297	110	70	484	312	7	1102	397	33	321	261	359	698	8	8	4	154	7	15	1856	23	8	301	41	15	1	15	54	4	2	4	643	117	183	1249	73	4	465	560	43	166	9	263	43	165	61	267	2	118	478	723	160	5	117	28	337	264	261	138	522	50	8	15	114	790	428	35	117	72	389	291	40	342	8	31	143	309	44	2648	55	72	581	271	537	10	18418	10	99	79	274	30	4	99	167	273	10	110	143	72	158	10	82	54	14	100	12	181	68	0	168	3588	4	51	2337	2	398	912	520	447	806	336	0	332	198	135	434	58	400	96	50	800	398	129	405	60	12	1706	12	155	54	1086	67	162	358	657	87	1163	2601	12	255	1008	1644	10	106	102	1	81	145	77	53	760	406	5	57	28	199	118	223	71	2	74	17	247	86	669	19	88	796	7745	233	352	318	322	44	483	132	183	557	792	204	15	2	295	140	37	1183	105	38	27	106	2	25	47	115	913	269	113	381	267	15	303	486	239	32	1	304	79	289	219	308	194	10	1151	7	52	47	1552	150	29	1669	566	219	2691	580	217	102	180	75	4	17	268	500	137	842	225	19	23	369	1489	8	1	183	42	9	33	9	176	916	25	313	511	12	43	239	14	198	97	157	324	1134	236	11	10	47	23	158	213	37	213	1	16	486	13	43	6	16	5626	15	2195	0	1447	35	1	4	2	364	5	1989	662	9	0	19	58	507	0	3	1	7	221	863	1	334	104	334	9	65	157	0	3543	8	23	28	2414	650	2	3	4	6	2	3	1237	8	814	0	3	3017	3	140	717	3	2	0	45	29	17	1	782	17	505	72	26	34	6	851	65	54	41	3	1149	10	19	223	19	2	953	34	6	5	209	591	5	543	1	0	1723	1	1	649	407	1	18	0	2	90	170	40	3	28	21	22	8	76	535	5	1178	28	515	2649	2156	34	411	171	1	2	4	4080	21	2	2	11	5	177	2428	4	11	1730	3	1828	11	5	6	3105	0	0	108	8	1	4	2	112	4	11	1	112	2583	209	278	4	482	1	1	47	71	17	23	13	0	1356	0	810	888	8	0	27	26	151	88	16	31	1420	1023	14	36	1213	118	90	4	1097	2117	1203	2	704	24	43	1	29	53	8	7	5	207	1076	1262	196	525	0	8	1	616	16	1278	68	172	1	6	100	13	44	1	3	1	68	0	11	2086	8	109	4	26	62	2883	92	28	6	8	11	22	8	34	1480	2224	5	6	72	2	13	0	137	60	8	16629	4	1437	29	226	630	77	2	6	17	0	92	207	0	4	12	73	2580	1874	7	453	4	1	1	337	9	206	455	12	444	6	9	72	868	0	7	7	2	9	691	25	17	15	217	1	53	941	155	3101	71	206	482	4	13182	3	8	190	3774	319	1	1053	6	7	3468	193	721	572	6	0	559	70	24	6	120	54	990	809	2	3	6	21	1	28	6	1	1	146	12	420	7	283	19	521	12	2	2	108	15	8	40	0	2	1336	1728	86	114	511	344	15	60	91	81	1481	6	240	675	1	12
Eukaryota	Acanthocephala	0	1	4	0	0	1	6	0	0	0	0	1	1	0	0	0	0	0	0	1	0	1	0	1	3	0	1	0	0	0	1	0	0	0	4	2	2	0	0	1	0	0	0	0	0	0	0	3	0	0	0	0	0	4	6	0	1	0	0	0	0	0	0	0	0	0	3	0	0	0	0	0	0	1	0	0	0	0	0	3	1	0	0	0	0	0	0	0	1	2	1	0	0	0	0	0	0	0	1	0	0	1	0	0	0	1	0	0	0	1	0	8	0	2	0	0	4	1	3	1	0	1	0	0	0	0	0	0	0	0	3	0	0	2	1	1	2	0	0	0	0	0	0	0	1	0	0	0	2	0	0	1	7	2	0	0	2	0	1	0	0	0	0	0	0	2	0	0	0	0	0	2	0	0	0	0	0	0	0	0	0	0	1	0	0	0	1	0	0	0	23	0	1	0	0	4	0	1	0	0	2	0	0	1	0	0	0	0	0	4	0	9	0	0	2	0	1	0	0	0	1	3	0	0	1	0	0	5	0	0	2	1	2	0	0	0	0	0	0	0	0	1	0	0	0	0	0	1	1	0	3	0	0	0	0	1	5	0	0	0	2	4	0	0	11	0	5	0	0	0	0	0	0	0	0	1	0	0	0	0	0	0	9	0	0	0	1	0	2	0	0	5	0	0	0	2	0	0	0	0	1	1	11	1	23	0	0	0	0	0	0	0	0	2	0	1	1	15	2	0	0	3	0	0	3	0	0	1	0	0	0	0	1	0	3	0	1	0	0	0	0	0	1	0	102	0	0	0	0	0	0	0	0	5	0	0	1	0	0	1	1	0	2	0	0	1	0	0	0	5	1	0	0	1	4	0	0	0	0	2	1	0	4	3	1	0	0	1	0	0	1	0	0	0	2	0	0	2	0	1	0	0	0	0	1	2	1	0	0	1	0	0	0	2	1	0	1	0	0	0	1	0	0	0	0	0	0	0	1	8	0	1	0	0	0	0	0	0	1	9	0	1	0	0	4	0	0	0	8	0	0	11	0	0	13	2	0	1	4	1	0	0	0	1	1	0	0	0	0	0	0	2	0	0	2	0	0	5	11	0	0	1	603	0	0	0	1	0	11	0	1	0	0	1	1	0	0	0	0	0	30	0	0	0	0	0	1	3	0	4	0	4	0	0	0	0	0	0	1	0	0	0	2	0	1	1	0	0	1	0	0	0	0	3	0	0	0	0	0	0	1	0	0	0	0	1	0	1	0	0	0	0	1	5	1	2	1	1	0	0	2	0	0	0	0	0	0	5	0	0	0	1	1	0	1	1	3	1	0	3	0	0	0	0	1	1	0	1	0	1	0	0	0	0	0	0	0	0	0	0	0	0	0	0	1	0	0	0	1	0	0	0	0	0	2	0	0	3	0	5	2	0	1	0	0	0	1	6	0	0	1	1	0	5	0	5	0	0	0	0	0	0	0	1	1	7	0	0	0	0	0	1	0	0	0	0	0	2	0	0	0	0	0	0	0	1	1	0	1	0	0	0	0	0	2	0	0	1	0	1	1	0	0	0	0	1	12	3	1	1	0	0	0	0	0	1	1	0	617	0	13	0	0	0	0	0	1	0	0	0	1	0	0	1	0	1	0	1	0	0	2	0	0	2	0	2	0	0	2	2	1	1	10	0	0	0	1	0	1	0	3	0	0	0	0	0	0	1	0	0	1	0	0	0	0	0	0	0	0	0	0	0	0	1	0	0	0	0	0	0	0	0	0	0	0	0	1	1	0	0	1	2	0	0	1	1	0	0	13	0	0	0	0	1	0	0	0	2	0	0	0	4	8	5	0	2	0	1	0	0	0	0	1	0	0	0	0	0	4	0	3	0	1	0	0	0	0	1	0	0	5	0	1	3	5	0	4	1	1	0	0	1	0	0	0	0	0	0	1	130	0	2	0	1	0	21	0	0	0	0	0	0	38	0	0	1	0	0	0	0	0	0	0	1	0	0	1	2594	0	0	15	3	0	0	2	0	1	0	0	0	0	1	0	0	0	0	1	0	0	1	1	0	0	1	0	0	0	3	0	1	0	0	0	0	0	0	0	0	0	1	12	0	17	0	2	1	0	0	0	1	0	1	0	1	0	0	0	0	3	0	0	0	4	0	1	0	0	1	0	2	0	0	0	0	0	0	0	7	1	1	0	0	3	0	0	0	70	0	0	0	0	0	0	0	0	0	1	1	0	0	0	0	6	0	0	25	0	0	2	0	0	0	0	0	0	1	0	0	0	0	0	1	0	0	0	2	0	0	0	12	0	1	0	1	1	0	0	0	0	0	0	0	0	0	0	0	1	0	0	0	0	0	2	208	0	1	1	2	0	0	0	1	0	0	2	0	0	0	0	0	5	0	0	0	0	0	0	0	0	0	0	1	4	0	0	0	1	0	0	1	12	0	1	0	2	0	0	0	0	0	0	0	0	0	0	0	0	0	0	0	1	2	0	0	0	0	2	0	0	0	0	0	0	0	1	1	0	0	0	0	0	1	0	0	0	0	0	0	1	0	1	0	0	0	4	2	0	0	0	1	0	220	0	0	0	0	0	0	0	0	0	1	1	3	1	56	0	2	41	0	0	0	0	1	1	0	1	11	0	0	1	27	3	0	0	1	2	0	5
Eukaryota	Annelida	8	467	107	18	6	1952	14169	1	15	1368	37	128	849	41	67	575	850	56	5943	3537	6494	3556	48	72	3918	1020	116	159	20298	7	6	450	21	847	646	187	1027	122	39	57	9	254	7800	146	14	422	1110	117	2	104	45	268	2424	4195	1256	53	17	341	2680	631	50	90	440	210	103	25294	56134	75	522	317	116	7	6251	18	310	38202	110	3295	1003	971	404	328	2	23	309	89	5342	115	107	287	3834	194	30	4854	141	223	1251	11283	169	329	142	255	371	11766	249	284	2932	420	299	755	2440	2203	1859	3970	561	9	681	919	216	66	107	497	692	641	884	19	75	114	1419	69	5063	4183	1	523	15	19	1872	8	1	880	229	527	3247	0	321	512	765	59	226	446	63	181	915	238	47	65	2561	422	16	151	390	2	13	70	1652	1947	24672	1538	12	18	2698	525	377	660	780	162	685	1868	293	200	16	4	235	116	78	4	6	2809	35	11	5709	2988	39237	1669	17619	1785	173	2523	89	10	1356	27850	1204	7798	83	997	33	533	270	2552	14	1467	75	876	3700	1064	10	12	4	155	159	4054	3964	2123	809	731	2051	172	81	120	861	768	1225	16	12	1243	13	22	4	136	93	12418	198	922	207	3	375	4289	6401	369	1620	120	5153	593	53	358	4585	58	125	12	60793	2456	41	18	8306	2029	1684	323	1	4	914	26	56	18	482	4084	27	527	15	111	379	507	60941	1878	314	62	25804	185	360	14	320	3039	25	78687	6253	272	240	2047	86	4024	1925	14193	2125	44	2201	14	749	7	22612	641	693	1872	722	349	168	84	705	3313	44479	5	2355	565	3136	243	60846	19	363	43	182	63	8	43	13	3	2813	9908	412	1682	5974	218	2349	0	303	806	373837	276	51	322	452	364	34	21	538	1644	568	38	39	17	421	131	412	220	2401	184	26	48826	1068	905	1885	5533	49	1720	39	136	3666	2808	125	142	6128	134	775	97	445	30744	6897	140	51	640	3178	8	824	850	259	232	409	1	262	170	257	339	1252	1226	12	361	1095	15161	75	224	2	652	205	46	3964	2594	227	7136	13	5011	38	79	276	981	1109	8	250	546	683	266	317	1313	11	222	70	2652	158	144	2371	4962	4569	1289	24	268	295	270	932	991	568	2195	216	22	90	8702	1607	50	3533	243	110	332	1395	97	959	149	2240	552	2061	306	6742	245	4039	111	208	6316	1154	411	1679	275	3690	2108	1717	20	2386	1415	218753	2	14	4954	13	300	911	170	1536	40	604	328	90	189	9	7893	1673	94	11806	53	3224	9	1553	3316	572	152	14	3160	3	1539	519	5	77	3739	20	37	142	3	44	406	250	3588	2068	3128	2093	45	1241	13	42	642	1262	1020	61	410	11	246	11	1731	2636	36	566	313	104	278	248	890	42	4	5	38	114	2775	3383	2717	8110	285	567	332	3871	528	12	110	106	21903	1528	1388	3	1667	20664	251	125	9944	119	511	473	215	92	257	7588	326	199	0	159	1728	10645	43560	176	317	137	960	638	49	0	0	249	137	64	160	24040	66	7489	7849	2252	401	397	81	135	349	478	26	26	9108	385	1438	19	2984	313	1811	15	2	13121	62	173	155	6	2703	834	22	688	7629	142	1321	523	629	46	850	4363	258	459	76	7	254	25420	6987	605	1160	242	141	9	50985	210	556	20637	55	10	1621	221	1329	8889	4305	25	31	3953	1299	72	391	86	212	260	1468	5108	19247	29156	1524	172	78	4595	61696	571	75	31730	422	472	467	4331	4995	6168	16	263	2505	369	269	381	101	1	26	408	465	920	390	37063	1427	85	51	179	936	1997	101	1040	847	247	571	1012	23	539	60	176	166	4949	136	1	3020	212	3177	165	19667	6512	1494	6063	499	320	20	13	43	10544	3	36	2147	1452	332	175	102	28	174	130	1985	528	12117	4954	565	44	1758	881	202	2012	6504	367	121	484	2870	2492	628	145	43235	601	4	751	752	37	83	6617	31	46	47	436	163	1968	140	251	617	2084	28	2048	908	11	63	603	98	70	435	6413	2	55	534	2576	1668	26643	91	5145	2752	16774	164	1693	439	64409	78	5101	1018	152	309	13685	1	438	454	7	3479	7046	7161	8545	5837	5817	20	701	22	6159	3069	1	5304	10412	81	715	7145	894	117	6159	1776	296	131	1983	722	14	338	1070	754	3205	15743	517	68119	1706	772	22738	654	2744	22456	6052	8	104	3926	24	5197	18912	210812	4	1189	49276	4862	61	115	40	58	1861	1257	150	5424	8140	9218	4	273	5473	112	684	116	8844	5192	2644	2822	6655	486	112	182	353	12	7	78	20087	2848	1150	2993	11706	4376	52	1594	564	229	424	3404	1150	84	33623	2	3026	406	671	1394	318	364	624	2420	4385	2116	22148	1704	2429	18763	702	4666	4	65	6862	1000	150	3706	1	1753	130	716	209	9	51267	6	7226	909	3700	4671	6727	25	11487	8487	861	623	31	631	363	2270	396	774	179	212	255	647	810	48	4012	11857	208	200	500	676	24	397	9	9	76351	13	11250	510	4719	14	321	2605	5067	64	579	9054	889	2393	144	182	296	11065	1520	912	4	28273	478	1626	207	25771	756	526	13684	1866	1741	1911	18	1613	205	90889	1789	4274	3794	15781	1607	838	9602	296	31	122	93	560	22	623	29	111	2813	30136	19236	10	1076	337	8818	20680	6106	4813	4768	175	84	1021	380	400	123	6	1946	2002	1796	145	185	29	2284	204	2713	3946	487	185	216	6158	120	950	101	3124	165	24249	142	3638	11153	87	173	395	2613	487	2535	574	75	93	14882	996	21	5470	180	8416	6021	1432	944	881	6461	3	158	12431	663	629	17886	312	13	74	1665	16	251	561	5421	2102	75	2	249	441	2	7023	1908	1152	646	2192	45810	8691	2922	1327	344	1329	4325	164	191	1134	436	1132	1164	15697	295	128	22224	2960	2343	103767	777	81	1265	111	4087	158	6060	573	10611	1408	381	2066	126	3890	16	111	10631	10646	43	1079	44	212	2113	308	4	2813	4893	30393	247	19927	383	38323	3922	1140	965	3224	33070
Eukaryota	Apicomplexa	1	157	538	88	19	26	50	0	22	78	179	1059	30	70	345	5	1	22	23	659	40	41	13	15	18	46	46	61	41	69	57	57	958	25	43	208	114	68	254	136	7	93	406	1210	35	15	253	71	10	19	77	97	43	839	59	48	139	267	918	39	87	38	255	246	61	389	144	164	58	108	175	20	23	76	6	1380	133	58	291	73	24	265	14	27	376	144	150	153	192	17	149	9	188	43	8	218	176	8	24	4	46	153	232	74	11	69	118	108	38	24	311	7	46	63	50	104	39	207	116	110	14	48	15	54	21	104	90	32	22	45	136	1	120	84	73	11	50	67	5	10	58	32	8	8	149	141	10	21	19	34	234	97	423	440	43	6	21	10	116	89	19	22	53	86	2030	50	179	28	16	19	45	64	65	64	17	12	35	154	12	192	7	33	49	137	82	59	26	20	242	38	31	49	633	6	55	37	85	49	55	309	646	61	583	33	62	39	11	121	73	28	58	307	67	56	160	14	3	7	19	165	5	371	112	265	46	12	27	203	106	99	12	879	174	1416	55	6	6	55	36	375	27	76	86	14	20	3	31	13	57	362	162	131	68	16	92	98	8	73	171	57	152	23	90	62	163	51	86	97	12	3	363	51	95	6	644	28	13	72	13	217	1074	69	1258	32	28	421	162	109	152	74	90	235	63	57	29	87	84	18	83	30	39	297	129	9	118	7	41	4	77	228	60	104	31	147	81	41	23	319	441	8	112	214	38	88	589	780	26	63	13	13	71	29	6	72	198	54	162	79	20	537	33	1	76	15	29	191	51	170	204	146	47	103	100	20	186	793	97	23	28	101	146	55	33	22	102	2225	25	12	74	54	63	27	13	435	29	17	94	63	45	164	124	370	257	275	31	228	776	18	16	14	323	19	461	26	111	6	23	95	18	24	153	14	0	8	127	729	536	424	8	28	31	37	49	373	61	105	411	27	527	46	94	26	3	50	143	10	221	156	131	275	40	70	7	35	383	2328	62	9	94	1169	54	29	54	103	214	8	65	9	65	321	94	45	28	32	267	65	642	77	41	39	22	3506	14	384	261	130	16	63	912	483	96	19	68	12	87	12	81	184	15	5	41	25	40	6	0	31	495	34	1060	6	22	18	123	13	2	9	33	21	102	0	52	60	5	43	87	56	10	23	6	105	3	319	59	228	92	303	25	15	75	18	17	241	85	355	122	187	50	128	102	4	288	69	110	156	1	23	15	28	10	68	221	49	37	125	20	16	112	59	23	6	10	24	222	36	153	257	432	43	125	52	249	92	24	65	166	606	199	1109	7	378	1021	248	220	3	27	86	65	101	82	30	288	18	10	2	589	137	361	444	754	1410	152	81	37	96	3	10	78	176	109	315	281	6	460	191	425	32	328	25	1181	73	57	36	11	389	175	209	39	46	211	87	41	8	327	32	39	286	7	551	83	7	283	295	29	63	55	222	98	477	169	171	41	298	2	121	369	429	900	116	130	342	2	2581	83	936	1111	29	6	209	60	111	155	195	11	46	40	376	15	167	266	48	41	85	166	16	371	69	7	78	65	320	52	66	341	73	492	90	106	308	874	37	12	39	211	1032	118	310	10	44	224	353	585	290	460	53	5161	54	257	148	867	160	58	243	41	71	122	281	95	86	51	87	275	9	7	448	1328	850	48	275	302	309	60	525	1424	43	20	8	121	18	154	413	129	119	13	21	43	23	50	151	132	133	184	140	54	152	165	65	112	93	11254	5	59	393	250	252	72	401	357	8	210	77	20	5	134	294	5	72	1	40	70	25	117	332	43	22	279	56	32	38	133	48	70	58	43	7	216	61	105	345	216	245	55	170	170	19	158	71	40	503	191	536	7	245	152	5	14	17	39	2	510	609	345	46	61	45	179	3	57	25	588	75	536	0	58	39	583	14	465	170	0	183	11	95	225	408	129	22	2	2	150	84	21	96	59	146	6	549	380	9	79	542	5	37	43	152	11	63	13	742	329	239	14	718	64	6	182	124	37	135	1	20	195	228	54	147	51	5661	44	55	95	379	849	5	67	11	1	443	19	22	232	424	89	18	36	45	242	16	129	31	29	15	44	3	15	76	9	3985	15	193	363	123	48	56	179	135	39	49	123	37	4	10	48	123	4697	442	19	607	382	10	719	6	128	7	1707	70	114	49	29	9	4	48	107	70	6	29	180	132	96	818	35	50	1	14	181	97	43	116	5105	44	107	9	57	274	7	2	5	12	24	12	146	556	159	362	55	32	91	613	582	34	311	121	57	28	127	179	13	395	72	271	10	81	24	66	46	320	59	312	1	47	8	32	6	101	35	75	76	7	35	36	124	123	2	24	39	10	19	178	174	310	45	161	155	1016	53	50	29	117	29	159	65	30	91	1198	18	6	344	13	56	1	89	48	106	253	69	95	72	162	180	84	4	27	118	24	130	107	9	65	27	469	275	212	18	438	15	43	15	120	63	194	52	40	350	15	659	110	912	9	135	2	12	48	219	424	126	41	59	45	345	119	460	127	127	116	148	3	132	36	15	263	126	309	54	141	61	22	391	158	125	51	125	5	197	1994	122	37	172	24	135	54	110	19	22	31	3	37008	68	86	14	191	56	165	31	1845	438	317	17	52	10	83	13	92	31	29	31	197	715	242	12	199	691	98	503	98	107	117	9	445	83	114	170
Eukaryota	Arthropoda	79732	237384	44036	302275	48997	630125	1172595	195151	146468	490735	29958	594168	316663	66682	16830	465675	43106	174975	2198881	1834838	521831	1441385	29480	325634	404650	1408003	124268	149633	711672	88367	341327	1173377	62978	365438	148768	93571	711126	37871	13172	30958	27176	381678	503327	730214	28819	62715	51652	157105	8896	18063	83704	370183	1274828	1103085	1899143	339345	88077	138120	275261	4486	79773	266148	20609	843959	36368	99910	377877	46460	326359	60512	30238	6770	344505	94077	663916	161828	49484	567545	859286	358983	1342314	19238	46067	392241	279176	293645	1696496	81542	12732	191112	442613	351103	46077	392410	249312	14299	122482	194378	32847	141874	33969	506446	1758005	1795161	210307	21240	1276002	343255	2286805	619354	602839	273742	555359	318137	6498	15327	904390	9199	62589	117040	502371	684906	321912	330256	322307	6670	27931	190595	2138809	12205	55062	1156043	179058	25056	27677	610009	299281	25690	67340	324633	1343010	52410	138901	852583	110888	5812	156573	241206	156044	657799	115008	317707	148741	25909	64083	115566	400364	591882	83088	121814	454095	10087	17470	10745	108559	766170	1440785	434823	134790	78134	160304	24510	624473	830135	633110	400045	429407	77967	495941	64398	645162	9853	1685777	45408	5911	376488	441396	2077513	493995	5277	293315	205413	159604	84032	1565291	626398	1230886	828921	94498	39896	20596	816706	19549	2152273	4381	118500	210032	64079	863431	756588	22718	48240	19843	92069	645480	751289	135203	792469	12511	65824	170473	660011	23627	1244024	290138	371075	519185	51767	34375	138286	551828	479205	208074	40067	13643	380727	52644	72576	10669	60620	33995	30334	97610	463283	323353	5458	60283	520898	16401	548264	523420	121283	1277874	464129	10710	60593	567695	24489	125649	23214	1563241	330997	12942	20607	921928	12409	36486	59228	10708	200390	377734	439742	44880	253927	196232	644293	23912	623563	212531	13404	188378	54493	479932	727820	558448	262213	1100434	7725	95324	22622	87984	317028	9921	1314663	1730893	236147	43070	602039	106573	1528438	51101	310022	1387153	491117	490531	518479	356907	484150	1404308	218625	54172	404511	222527	141199	97019	534759	1868140	916276	549715	14385	1435190	876811	1316504	69487	823098	272038	570165	12048	300577	18337	48394	41771	341483	14578	118003	513820	614547	1888936	436497	141127	1092143	394069	115377	125670	1399769	357530	118212	65824	136059	31489	86807	10667	1143083	163495	113895	109429	23738	531875	829962	199905	587982	184712	199982	231932	9707	193357	530376	605053	1714538	288769	110735	1024664	539185	70763	1372312	252798	183817	31679	1852698	220472	77432	27416	144015	393561	627066	15860	112260	791985	240036	15853	91162	292886	122319	2441	7999	45951	616146	109540	1203746	230213	611141	602945	20831	472307	924389	1080233	29856	72351	10845	423625	606965	90742	399400	128112	62988	1969272	251195	399995	137762	278231	6912	1025876	136319	16177	175716	294886	445413	10945	44609	26730	26786	58011	553776	652199	652446	52523	471762	433323	160140	643236	49793	168945	220131	111950	22983	1780807	289949	277172	569883	284538	51240	866994	2584376	975756	446365	817539	33783	20140	599890	25256	1368791	469847	544921	78041	504758	184694	484484	51369	653909	1516095	141126	1889034	8526	508394	176547	305809	1858680	210469	101768	321845	128235	48069	1671510	92027	87173	414700	311045	222740	49515	153888	225067	268024	90729	260962	346535	357785	545526	535647	693356	401554	544898	1077228	1214282	460084	203860	836496	138664	296486	179723	2117886	5377	312911	207248	186226	139136	459272	20388	515299	671337	57065	8587	213692	93155	1397440	158554	1145333	342980	99703	300263	15478	17483	192240	717465	736287	537566	386758	885396	6113	303263	324107	47808	148611	108370	96798	27488	22544	1633271	407523	20492	40209	37306	352026	15424	194228	234497	34932	1119018	196098	38561	138743	1398294	191499	211283	46001	2043172	31167	228544	169197	272466	477261	315231	165829	884250	22172	305538	39555	220898	33623	8450	131415	581261	31101	227550	20940	143817	274064	395349	829427	152768	155914	17664	139643	1299439	20366	19346	11365	136444	92720	90192	87778	1684041	2476	264221	1261641	286443	52103	184823	332684	128792	265106	93569	26598	96937	2865800	10531	825056	922528	210686	73816	334838	7481	4304	19365	114708	145513	51320	34518	830051	63919	147645	217772	343350	239834	254295	87952	626424	202038	131971	914338	619732	56178	23345	647249	41681	1339428	41620	448485	68316	193806	113043	7318	626846	133194	43333	291321	109522	6026	660158	172282	905155	1045228	684711	27454	8131	367129	220599	5464	149845	13108	71427	16159	806886	526272	40981	77415	151184	596851	51724	307724	3180230	455606	13096	76357	93258	230805	729456	361917	86190	853524	36267	811410	167805	204654	170658	191644	116329	267670	48432	280153	152063	72950	161158	87178	936114	1051076	37286	31399	158964	1983058	18431	130751	1345070	167741	1312185	644149	212961	21026	63806	159985	510476	80142	742735	17176	609391	161269	86304	86557	2206827	1124225	253861	500778	602543	139329	8263	22344	571865	131107	20411	9419	368762	125904	181275	315915	11038	338714	137132	257583	39099	477251	31168	257913	37791	9306	194225	568635	118202	479035	676943	87687	1342861	69034	447193	758644	201181	24498	386295	372760	132338	154282	223159	51199	686732	650610	232357	575655	713157	1019859	443261	82986	46522	37930	74472	286098	3306	417307	357363	49234	20042	86692	13896	84172	326608	435886	10727	33609	107983	241071	614700	1796103	536897	593778	605041	713467	1688829	289723	788559	964798	423164	1423021	241406	16181	65516	1217890	2505	668066	431853	165745	479192	549038	669636	4722835	1421703	1984998	90375	228257	523835	1200284	1166749	2121580	96556	4931336	1714641	1556242	970744	2045333	1641428	161832	76760	150399	34840	1056753	860536	31505	24065	74514	1322096	1466196	2652409	1678620	1182242	666611	117470	788619	57576	1139598	1901689	532272	118008	96092	635160	2255955	1577876	828109	817389	425935	1377820	379655	707481	468490	38987	616204	4574079	67050	1339973	33990	947452	2201862	848760	1724786	11232	1577123	2001412	1225129	123837	1266487	3398809	1859523	1560177	1706604	120597	102716	242096	309526	2106	699909	111612	369771	2104537	770202	520731	1891447	1872102	6682	396596	88740	30659	282772	1753510	112937	69443	1110810	595241	716701	56559	2503485	213748	254092	1696910	189966	307106	1799246	1177841	1131098	505930	541326	1793853	132248	922388	1595800	1047209	783185	672066	36984	345685	3037	1677360	512252	1294744	103601	18897	1193103	258250	1262063	1662794	1473191	1041700	1729546	297773	1744416	801237	220696	582517	1734283	1724905	54795	65457	564864	99516	1073425	579616	376651	400718	1013678	81808	3232629	1935321	238013	1119677	70864	168336	54115	119498	2460671	580346	1757280	438772	1848411	300656	1545415	83447	303768	250338	546501	20270	178145	768413	261848	1887672	75268	126725	191934	523397	98479	689237	5044	1249077	360372	700442	4430	967154	698503	894581	508387	185673	944897	603238	1512532	950027	193554	454972	2985138	1116645	518562	1397351	681630	228337	721284	393885	252989	1536186	1011981	538961	152597	1431368	19407	120980	346783	989063	1534067	2482943	709499	68312	649638	1192945	2011952	1910450	2235420	146733	708037	19466	47570	85763	99994	4393856	2336547	841732	1617944	60677	116831	214452	1023562	258271	1550837	139159	314395	315760	69238	1075713	900952	996880	125620	1038537	1632328	1454195	17372	1627818	605765	1474974	298527	88967	690412	179126	2050249	53742	917364	98884	1332950	93995	250612	1960268	324658	1529161	1611758	115380	78872	1630878	1625428	1511234	576313	1405779	328409	241833	3351231	4294289	268512	7834	163556	69510	1196002	105125	1705024	250276	92896	2160692	112669	515372	646634	187728	491501	133856	62139	346230	1062600	1525411	416832	54296	1786246	342582	1962857	500669	105946	345782	657659	1358569	748786	702923	612841	59927	1358514	2142807	1256567	757017	392583	1875484	109766	13374	1609582	114825	3124557	185352	1880687	388244	874928	53786	103764	445377	2091	245178	502745	899920	11844	327363	856909	414314	397328	421903	62892	149266	567317	1214383	544400	190927	319797	183762	705383	178742	85756	2009220	1019357
Eukaryota	Ascomycota	19	80667	2626	28	78	51	20	2	3	3	14	19	49	133	840	19	7	25	21	26	124	10	32	10	279	69	43	502	7	12	13	17	100	44	7	259	53	636	153	327	17	111	43	25	1026	20	164	60	39	150	22	153	242	209	24	10	25	129	63	27	112	8	195	3	554	63	164	188	15	72	1024	52	17	16	32	73	661	54	226	7	17	194	57	11	764	11	18	3639	32360	3	58	2	748	26	0	54	72	13	208	29	366	46	69	316	7	3960	437	42	145	8	23	53	17	560	128	4	137	62	139	1197	8	232	29	69	232	86	671	4	3	56	794	12	2	9457	113	4	113	86	0	1	120	7	11	0	211	19	6	39	15	10	424	27	76	310	138	9	27	1	56	88	0	65	96	743	4	587	84	9	0	17	3	8283	7	76	19	12	306	311	4	7314	5	78	202	1107	51	5	17	5	84	27	5	10	90	12	67	5	9	130	365	3	96	40	101	80	3082	23	7	1046	228	163	91	160	23	349	30	21	2	2	79	1002	32	2850	464	94	1	2	20	35245	160	1733	10	1691	2163	15	232	11	52	10	37	6	3	98	79	85	4	27	4	24	51	29	21	134	8	10	26	68	25	200	176	90	10	34	25	91	13	200	1306	85	39	3	19	37	153	3	15	52	256	7	23	33905	207	207	144	13	4	40	181	6045	368	130	10040	3713	72	27	34	38	456	11	427	9	1303	49	89	16	21	12	2	2	31	1748	1198	46	53	250	1454	41	2	231	249	4	390	21	12	294	73	15	373	7649	4	2	41	64	100	2	5684	41	178	45	17	6324	3	4	10	52	37	679	297	125	1130	178	1	144	98	16	1913	120	1087	18	51	299	273	2413	15	0	308	94	94	19	234	9	283	20	9	880	30	65	274	105	3	385	290	1634	163	322	159	1134	124	23	507	26	22	32	79	44	16	18	13	5055	163	1	7	113	3	52	172	561	85	424	36	10	44	25	8	566	7	174	59	87	12	27	22	324	7	98	220	7	7	92	23	56	84	4709	20	24	59	172	28	80	19	862	36	6	19	7	50	59	4	17	10	195	2255	18	44	200	498	130	1704	4782	8	386	118	50	45	4390	30	239	15	917	685	138	8	15	68	58	22	0	11	634	217	4	202	5	2111	20	11	118	93	6	181	0	28	28	375	4	2	23	0	5	62	12	65	45	23	1	2660	161	21	36	4	35	32211	1114	111200	6032	14164	3626	128143	11	29	351	1187	1016	162	6847	687	283	3568	3065	924	403	176016	247	2138	429	28	6	103	250	12	74	2279	42	30	20718	273	365	1047	1744	3549	0	1	58	450	4806	838	754	14452	58	29565	4613	6879	106	56	40226	733	518	12	305	20	908	14536	15540	412	41	6353	1004	458	233	12159	281	512	49	5	51	194	3080	1035	330	183	201	91843	2911	230	46695	50	14	256	38827	10817	88983	7432	457494	626	106	12734	2472	8404	26	2010	191	928	100	6	15451	92815	276	61	5265	289512	1392	267	7	332	52	103	993	14	1054	1494	71	151	6418	39	1011	9431	95	422410	167475	493	1061	1547	182742	6	84	2051	1291	50186	149	126126	11869	29	31980	193	2573	12600	68	40191	698	33	1555	12837	298	2792	16201	510	763	768	98130	7423	141	2682	6028	12555	98	510	25	1598	2991	9734	15538	200	325	790	214	381	125	266	3274	466	257759	92	5206	116	763	175	16016	5	4770	125939	2388	115729	87865	813	1923	512	17025	44517	571	1366930	37323	23375	76	54	4659	407	114	87651	3679	1759	178	3454	1470	110	1550	2642	1136	122	31701	676	971	1584	85364	15128	7200	150415	7	562344	1903	2843	1100	458	365	15	207189	62	230	201	1559	5769	216	4076	28408	20747	5271	6541	4183	3054	533	986	28	3	25656	10793	134	57596	251	197	1	277	35077	49	14	6672	131	22	255	1930	9739	1405	29	278	4389	3395	2023	2244	1687	4582	16412	6000	16892	19239	195	1830	23	217	86	48	3870	7213	289	133	1280	259	36	187	355	53	8526	204	438	18	1639	32	297269	40	25	64	6	329	384	120	1	50	577	1290	14	151	7	18	90	526	26	489	28	1486	76	964	104	1	277	20	111	37	474	128	6	5	7	295	90	13	854	46	628	13	11	164	79	320	2565	62	33	6	21	24	94	6	254	16	399	79	3202	359	8	543	208	103	246	17	74	43	54	562	821	13	15952	12	51	338	316	628	296	67	588	13	127	8	4	55	1501	558	62	2231	97	349	198	610	115	56	423	131	9	173	456	137	6747	764	404	7262	4615	39	55	384	119	10	16	6037	9675	21	6	30	12	4628	16619	1160883	103	699	4	357	99	127	48	5274	12	7	115	22	0	82	66	177	33	50	244	199	93	711	556	61	431	3	7	45	580	169	7	11079	84	177	8	206	1515	61	17	37	93	35	73	12553	38	78	76773	6	205	1016	520	866	6	306	999	58	9	747	42	29	38	842	72	10	1082	7	43	1988	605	812	1606	6	91	175	5805	38	341	1520	86	16	8	808	118	285	87	7	119	1238	9	121	725	3	257	81	22	1938	735	235	109	2	8	124	390	122	60	1931	31409	233	100	774	11	71	0	259	778	37	5123	16	135	681	2675	2029	97	2	16	6595	9	106	74	14	17	174	376	31051	12393	21	1038	7	32	9	41	20	130	8	1611	349	20	423	2608	409	5786	54	18	8	7	6850	141	884	4854	51	2226	367	1998	713	875	226	447	306	53	63	23	4	206	170	1125	45	497	117	13	44646	333	875	673	22	4	56	227	39	10	286	10	23109	4094	4	5	14	67	18	232	134	4689	17	203	52	6669	8	5457	529	330	179	48	546	47	36	247	196	20	8	266	1674	642	68	335	558280	56	2036	1043	801	105	94	535	34	22	590
Eukaryota	Bacillariophyta	895	9002	1103	5562	106076	763	209	72039	770	33787	7777	2083	434075	32385	3505	2437	42	90	23194	4837	2006	189	880	310	147	4915	1246	1568377	817	140	574	1738	31	37	12	450	45	3323	88317	729	11934	875	6760	1186	65901	23073	62100	1510	286963	1372	813	7663	9734	161	29448	630	19899	95000	101616	1604	39206	73	19555	2873	3217	55906	53841	1408	128	16600	8464	4103	725	11004	487	3912	795	1166	69071	274	15636	8339	424440	439	35317	296	314	3999	274	24	6008	2571	792	1811	187	6350	148	209	5420	17	27497	96087	1636	769	61	1137	8058	12703	88	94	2207	31	1466	118	433	4099	7157	211238	6023	19699	433	4301	321	1859	64	44931	4817	155	6169	5841	41532	293710	24	4608	21751	1164	72	7035	188	1206	23386	1372	35	674	2917	140284	40	3815	45	2669	20968	60025	8130	2291	1401	565	43	733	874	75601	427	391661	4889	437	19	91	18709	1118	383	43963	24	2038	496	2663	400	1105	45	22848	648	1470	13973	283573	14240	7695	2477	555	10475	416	64	1968	91	26	89270	96	3368	1606	498	1817	1882	86	15698	21696	15770	2787	1022	1601	16	2689	60730	559	19122	21974	11332	4170	24059	1416	5	15472	470682	1068	8387	13432	7342	100564	20509	1424	4928	5544	1201	77682	224	393545	15945	48	327	26175	497327	71	2353	301	482	19888	27497	828	1319	174470	29	2236	10504	6371	100741	1839	2749	277	1471	17036	780	15451	959181	6712	43023	17	1856	4447	514	3760	12199	2639	354931	328	1550	6842	37885	21	1011	56	2671	878	108274	568	283798	5837	253420	994	3932	60194	5183	2084	4678	18600	7449	1447	3490	76687	6998	8495	3783	39462	1947	5521	7521	537	348	1633	34	74799	3239	9537	11302	106324	27669	5179	584	3526	17076	5189	12331	1071	84526	6108	12259	507	25251	27679	46340	801	26091	1349	4636	305	3021	859	95	24	2321	261	1418	1536	1629	1542	4303	150900	1693	45633	206	7581	2352	17766	26076	4391	86	4955	1584	94	5016	1049	265	12734	4017	2592	11909	17713	918	217	2770	4766	141	612	55168	87	2287	1064	246	30514	4991	8592	2360	1450	1248	4340	8520	685	1454	126687	29	21865	1222	1915	67	37	33187	1153	10640	152	2862	57	40003	6173	25887	25	528	1075	514	447	61663	262	1721	4590	373501	3149	23033	157	87	39519	943	17142	1565	1551	273	188	3472	53114	4379	4496	4926	65	65460	10419	2411	9510	22052	53198	613	5933	803	3215	80	16415	29089	7305	135815	71	26	445	11605	22317	753	8645	2456	2911	2489	464	1882	281	1669	12510	7292	1428	5493	1066	6350	1085	22	2462	1664	3299	1485	5628	244570	27755	20470	8949	2912	1318	4686	244	16783	1043	20	30	5475	8817	349	110	13	13602	1779	1643	20694	214	15	129200	47289	1131	139376	21145	37	410	1205	160636	911	32466	29303	51	3084	30181	5271	17837	5529	9620	2643	4491	746	17001	581	5707	10363	144	3275	239	319	5197	12877	4952	1921	47970	4750	583	1515	68	3418	906	59070	4596	603	171836	20	111	87377	10030	37652	4267	3246	773	10052	1317	117608	1415	154	64	260	135892	688	1108	3297	65514	15356	13285	681	1337	5226	49867	50	749	4044	58021	2452	4369	237	45621	14912	1568	25285	826	26540	82	2472	865	632	1470	67288	44489	105796	569515	3427	10319	131113	89048	3517	1803	359	8985	6919	383	510838	113221	2466	2682	356	4591	8182	3296	6633	53062	5182	445	80924	1916	4205	16772	3131	85356	517	11189	978	139806	811	1193	3885	7326	165	39923	36329	5716	4211	5514	208647	26639	129	10237	3723	1406	5497	5234	4305	14318	2703	262	24993	5148	549	92	59803	1452	65999	76608	7220	3574	1579	1796	320	71093	21911	97930	19346	5384	3174	9480	3247	114543	15436	65600	147	439	527794	5292	99	3318	206	6840	322	7539	4838	1571	45935	124680	349	585	2445	16838	4803	139	7910	1683	507298	16833	383	6586	8648	20816	500	1296	2148	176260	15597	670	16587	205	4888	8003	1018	979	9123	22295	318209	5988	11966	1562	53060	526	2461	7463	11690	38303	17232	1210	703	681	4782	2399	6932	493	97	11526	5399	74058	13771	32247	48937	2562	2521	2455	20351	333	11505	223	2418	103	493	147752	1409	3248	225680	149	128497	3100	99607	31572	14229	18110	26099	524	471	2001	984	249	75424	52309	7212	3269	703	14277	63567	3507	328	5162	3640	8270	1791	1882	401	174	2243	1346	590	132	119	41068	420	11529	742	63956	4040	297	4280	1344	107	364	1299	662	519	10835	2242	218067	34459	4017	192765	5881	9562	4162	105	2183	41673	81199	867	21509	501	95074	62629	8358	84662	2187	21238	288	142337	15634	199137	215	23859	183292	1365	74	1385	51398	4453	693748	599	965	3949	3260	6908	746	7627	820	8316	3986	6025	15086	73	3541	1281	658619	248383	7977	7413	72667	2156	29632	11131	1361	507	11678	29	24385	1673	12668	10847	48	421240	26645	97	4215	220	13901	673453	17860	339	6715	21444	4669	218578	562	13402	797	12961	17544	90280	15450	12895	1210	64464	8700	147194	18955	1185	5552	3274	374	45567	4319	10595	5761	35402	124	27	51004	1318	32105	105536	23689	14438	6543	447	10849	23406	11987	1838	1386	4426	886	19291	430288	703	22487	55450	14650	115379	1197	37928	3550	12485	36687	55856	12165	21022	8042	40953	904	12261	21867	18668	22030	274571	754	468	36960	5546	102410	2213	1400618	94820	1210940	89667	5558	61459	53568	16266	468	70	1803	2525	41749	142	4176	1680	10512	71927	180668	13001	148203	490	98	322538	111528	151392	2849	7416	197	18008	91	36735	19272	64113	50	57245	365642	49549	304933	102606	263942	3948	6800	923	7412	17641	27410	8153	727	21963	64236	30848	1143	4908	395996	720368	13388	44807	3623	1100	18552	81	21435	6107	9827	161577	74786	142	1364	6300	1822	10229	22750	15245	35978	94	484	343	797	2441410	9753	131	7386	749	39360	31253	4022	163	37377	812	1777	338465	651309	2823	350	970	22132	22829	4284	42740	4846	5254	5298	30102	165	2543	35480	54870	1458	8768	892	111140	31105	1279	22367	72828	1697	3399	91575	11288	2524	2148	10	142461	11330	93924	166	1958	49244	8482	10259	31547	47404	10688	320941	2198	9165	30512	22506	380622	688	6331	11666	32316	6538	4307	6930	274	41168	1897	3417	11975	218234	110590	2094	252061	417	7777	10868	5366	27146	437	109328	10426	93	23367	16432	1898	6743	7040	20568	319027	75121	30470	71676	9784	2761	14947	3255	2093	24	30344	5138	96487	66	21701	344	13409	1061	6453	99272	317	1426	92	3405	658986	812	12245	27711	858	23608	1655	41478	18163	10745	27302	652	130	317757	119	44	1688	110	128	3571	42470	5550	397865	10351	2340	1194	228526	4284	769862	10875	927	49993	14058	100374	4017
Eukaryota	Basidiomycota	22	11948	324	201	125	20	10	3	2	0	75	47	75	22	257	7	2	5	2	112	27	23	92	23	21	8	13	171	5	3	10	7	7	1	2	292	23	382	42	2539	7	86	69	9	2464	16	82	17	59	18	2	32	39	32	12	12	11	134	4143	15	30	1	48	42	378	871	293	584	22	78	176	46	14	26	6	12	63	22	71	230	7	441	25	1	271	14	20	641	1781	3	62	6	5037	15	1	65	13	3	1005	2	570	57	51	27	5	114	71	8	94	8	12	7	17	26	8	22	12	29	82	380	35	146	4	16	6	18	3716	6	1	118	848	16	3	1258	248	53	20	48	2	8	19	0	2	4	104	14	4	16	7	2	282	34	29	155	114	9	19	2	46	97	0	56	1385	546	4	15	155	9	1	6	4	1154	7	88	12	6	55	108	0	336	1	41	7	6282	132	3	2	2	2	18	8	2	1321	1	298	6	4	15	314	4	128	14	97	5	92	19	6	447	51	37	153	113	10	310	21	14	2	10	68	66	5	83	278	23	3	11	8	8330	478	2264	6	168	261	1	1379	8	43	1	279	1	2	81	48	9	0	25	5	3	26	11	34	17	5	8	137	66	3	225	567	44	32	6	184	63	18	135	22470	50	15	23	5	28	12	1	15	34	79	4	112	1909	2243	13	1208	9	11	28	287	158	129	179	636	161	22	9	16	3	96	17	407	11	112	77	33	1	12	7	5	4	311	291	139	31	9	744	290	3	3	36	402	6	71	18	3	57	21	6	138	1945	2	3	333	48	2	1	1253	28	126	13	8	5001	26	1	15	28	9	583	162	60	237	33	4	268	14	1	631	186	876	6	74	44	56	657	3	0	64	10	19	13	83	6	125	9	6	1558	11	101	51	45	180	263	11	193	24	1198	31	354	188	2	14	26	1315	40	42	3	8	29	10	991	10	3	6	8	30	21	321	3	11	72	8	15	5	14	5	88	2	17	86	19	5	12	6	46	7	1344	605	10	14	34	16	24	146	2740	95	17	7	26	24	23	27	349	20	11	3	3	14	23	12	31	9	186	414	11	12	9	346	46	479	67	9	122	12	12	26	3266	6	26	9	591	1421	888	4	11	33	5	7	0	47	75	5	2	4208	3	161	47	2	160	104	6	83	1	5	116	999	1	1	17	5	2	18	3	17	32	22	8	1638	33	8	13	6	17	6371	194	11467	638672	28307	216	24659	42	37	478	8403	301	29	3001	23	30	1176	1532	67	100	3593	23	262	114	52	3	24	221	28	31	1477	34	11	8251	26019	2589	728	718	1472	1	0	94	118	760	372	85	4336	469	5198	617	2937	725	161	3649	42996	227	70	315	18	501	5376	5043	224	32	2056	226	114	506	573	63	502	24	2	40	44	197	89	1228	39	236	1961	387	20	280	50	14	196	3137	711	1422	1866	166323	78	86	2297	1288	6915	21	65	540	72	22552	5	6721	30263	293	65	759	10257	286	261	9	149	14	21	37695	30	264	306	67	24	6028	6	230	458	79	15869	2048	40	61432	405	3684	31	42	32	758	966	219	22091	229	27	11538	25	11912	4937	12	6353	120	92	175	4182	25	5651	90	24	136	217	6207	1014	68	714	547	730	59	230	21	50	2469	862	3781	124	179	222	25	979	16	61	1217	313	51590	7	456	28	317	162	5985	0	10342	3495	300324	18728	8294	268	528	90	1492	9446	64	407310	663	4175	29	444	116	100	210	1010	2807	118	423	1437	67	121	221	56	746	20	9591	1350	99	453	5016	5352	115	25819	45	12750	872	332	981	11	279	19	55299	75	83	96	1156	410	97	1164	4795	92	1380	10374	955	526	66	3999637	6	23	661	2547	14	949	1241	51	1	562	6243	4679	4976	1628	241	36	526	935	3004	1474	138	517	297	1151	119	150	760	1857	1659	223	276	374	393	496	16	52	120	23	145	2051	28	16	378	213	11	19271	4937	38	869	55	269	12	1020	19	2268	7	29	31	5	38	146036	5322	1	70	398	14188	7	9	5	2270	74	777	2470	349	139	146061	21	451	106	4	369	1	221	62	646	192	3	3	14	342	56	4	2857	9	498	2	11	155	31	65043	711	282	19	10	32	50	158	6	6144	4609	775	139	26017	121	27	434	72	19	307	0	24	27	251	112	52577	19	94500	12	68	177	132	148	4	5666	48	57	67	29	1	451	65	33	17	185	54	99	13988	63	56	44	78	376	238	107	317	19	844589	271	92	863	2863	30	54	81	50	7	5	755	3086	4	14	21	21	39140	1842	2947	128	967	14	2285	2415	72	4049	97665	18	11	35017	5	5	25	18	883	12	32	125	86	18	83	256	36	89	12	14	96	263	260	70	5149	28	186	3	5482	261234	2907	63	2540	22	4	49905	498	244	165	1963	12	42359	3563	977	239	3	266	492	30	18	349	40	12784	40	2253	11	9	259	3	156	8348	574	56407	226	13	91	11	467	4	8	99	18	1	29	94	10	109	761	740	3	190	36	11258	27824	4	219	55	350	4596	1455	64	50	8	9	37	265	176	29	19305	2811	505	527	2864	6	139	0	397	83	14	3106	3	179	2112	2137	705	298	3	8	27466	2	317	45	15	23	4646	828	1653	10315	9	335280	13	51	134	179	14	59	18	23	466	5	220	313	5757	844	27	268	74	13	553	235	417	294	295	159	724	197	21769	2423	506	69	131	279	499	33	19	118	259	1047	60	479	32	3	1620	243	257	510	12	3	117	11992	68	21	777	8	2548	908	12	18	30	30	10	122770	128	376	6	98	107	65	6	137751	878	176	538	2	52	24	27	70	86	3	11	625	201262	905	174	692	19061	124	39380	186	259	70	19	151	43	4	179
Eukaryota	Blastocladiomycota	0	0	5	0	0	0	0	0	0	0	1	0	0	0	0	0	0	0	0	0	0	0	0	0	0	0	0	0	0	0	0	0	0	0	0	0	0	10	0	0	2	0	0	0	3	0	2	0	0	1	0	0	0	0	0	0	0	0	0	0	0	0	0	0	9	0	0	5	0	0	1	1	1	0	1	0	1	0	0	0	0	6	0	0	0	0	0	0	0	0	0	0	1	0	0	1	1	0	0	0	1	0	0	0	0	2	0	0	0	0	0	0	0	0	0	0	0	0	0	0	0	32	0	0	0	0	2	0	0	1	0	0	0	0	0	0	0	1	0	0	0	0	0	0	3	0	0	0	0	0	3	0	0	1	0	0	0	0	0	0	0	0	0	0	0	0	0	0	0	0	0	2	0	0	0	0	0	0	0	0	0	0	0	0	2	0	0	0	0	0	0	0	0	0	0	0	0	0	1	0	6	0	2	0	1	0	0	0	0	0	2	0	3	0	0	0	0	0	0	0	0	0	3	0	0	0	0	6	4	1	0	1	2	0	3	0	0	0	3	0	0	1	0	0	0	0	0	0	0	0	0	0	0	0	2	1	0	2	0	1	0	0	2	0	0	1	1	0	0	0	0	0	0	0	0	0	0	0	0	0	0	1	0	0	0	0	0	0	0	3	1	0	4	1	0	0	0	0	3	1	0	0	0	0	1	0	0	0	0	0	0	0	0	2	0	0	0	0	0	0	0	0	0	0	0	0	0	0	0	0	8	0	2	0	0	0	0	0	0	4	0	0	0	0	0	0	7	0	0	1	0	2	0	0	1	4	1	0	0	2	0	0	0	0	0	0	0	0	0	1	14	0	0	5	0	0	3	0	0	0	0	2	0	1	0	0	1	0	0	0	0	0	0	0	0	0	0	0	0	0	0	0	0	0	0	0	0	0	0	0	0	0	0	0	0	0	0	0	0	0	0	0	0	0	2	0	0	0	0	0	2	0	0	0	0	0	0	0	0	0	0	0	0	0	0	0	0	0	0	0	1	0	0	1	2	2	0	0	0	0	0	0	0	0	0	0	0	0	0	0	0	0	0	0	0	0	0	0	0	0	0	0	0	0	0	0	0	0	0	0	0	0	0	0	0	0	0	0	0	0	0	0	1	0	0	0	0	0	0	0	0	1	0	0	0	0	0	0	0	0	0	0	0	0	1	0	1	1	0	0	0	0	0	0	0	0	0	0	0	0	0	0	0	0	0	0	0	0	0	0	0	0	0	0	1	0	0	0	0	0	0	0	0	0	0	4	3	0	0	1	0	0	4	0	0	0	0	0	2	0	0	0	0	0	0	0	0	0	1	0	0	0	1	0	0	0	0	0	0	0	0	0	0	0	2	0	0	0	0	1	0	0	0	0	1	0	0	2	0	0	0	0	2	1	0	0	0	0	0	0	3	2	0	0	0	0	0	0	0	0	1	0	0	0	0	4	0	4	0	0	0	0	1	0	0	0	0	1	0	1	0	0	0	0	0	1	0	0	0	0	0	0	0	0	1	0	0	0	0	0	0	0	0	0	0	1	0	0	12	0	0	0	0	0	1	0	0	0	0	0	40	0	0	1	0	0	0	4	3	0	7	0	0	0	0	2	0	0	1	0	0	0	0	0	1	0	1	0	2	0	0	0	0	0	0	0	0	0	1	0	0	0	0	0	0	0	2	4	0	0	1	0	0	0	0	0	0	0	0	0	0	0	0	0	0	0	4	0	3	0	0	0	0	3	0	0	0	0	1	0	3	0	1	0	1	1	0	0	0	0	0	2	0	0	0	1	0	1	0	0	0	0	0	0	0	0	0	0	0	0	0	1	0	0	0	0	0	0	0	0	1	0	0	0	4	0	0	0	0	0	2	0	0	0	0	0	0	0	0	0	0	0	0	0	1	0	0	0	0	0	0	2	2	0	0	0	0	0	0	0	0	0	0	0	0	0	0	0	0	2	0	0	0	0	0	0	0	0	0	0	0	0	0	0	0	0	0	26	0	3	0	0	0	0	0	0	0	0	0	0	1	0	0	0	0	0	0	0	0	4	0	0	0	0	0	0	0	0	0	0	0	0	0	0	0	0	0	0	0	0	0	0	0	0	0	0	0	0	1	0	2	0	0	0	0	0	0	0	0	0	0	0	0	0	0	0	0	0	0	0	0	0	0	0	0	0	0	0	1	0	1	0	0	0	0	0	0	0	0	0	2	0	0	0	0	0	1	0	0	0	0	0	0	0	0	0	0	0	2	0	0	0	0	1	0	0	0	0	0	0	5	0	0	1	0	0	0	0	0	0	0	0	0	0	0	0	0	0	0	0	0	0	0	1	0	0	0	0	0	0	0	0	0	0	0	0	0	0	2	0	0	1	0	0	0	0	2	0	0	0	4	0	0	0	0	0	0	0	2	0	1	0	0	0	0	0	0	0	0	0	3	0	0	0	0	0	0	0	0	1	0	0	0	1	0	1	0	0	0	0	0	0	16	0	0	0	0	1	0	4	0	0	0	0	0	2	0	0	0	0	1	0	0	0	3	0	10	0	0	0	0	0	0	2	0	0	0	0	0	0	0	1	0	0	0	0	0	0	0	0	0	0	0	0	0	0	0	0	0	0	0	2	0	0	0	0	0	0	0
Eukaryota	Bolidophyceae	1	196	30	5	13	4	0	0	0	3	279	7	46	18	47	0	1	1	15	1	8	0	126	1	6	1	5	4	1	3	1	2	0	0	0	54	0	701	143	265	6615	8	5	8	475	6	178	28	83	55	0	7	2	1	0	2	4	1640	12	261	9	0	144	0	651	9	4	706	1	4	255	73	4	437	0	24	210	7	5	1	15	424	9	0	82	0	0	16	27	0	60	0	109	7	1	504	8	0	138	0	518	10	0	0	0	300	5	51	7	0	0	0	4	3	1108	139	4	2	340	39	0	5	0	1	3	71	176	0	0	26	227	9	0	244	715	0	7	460	0	0	1	1	0	1	326	7	0	4	0	9	484	5	8	1201	34	4	2	0	114	1041	0	11	879	208	3	2	0	3	0	9	2	239	0	1	0	1	2	1504	0	82	3	224	0	300	100	0	16	1	0	564	0	2	15	0	3	15	0	5	359	0	493	2	614	1	32	15	0	467	33	0	561	566	416	404	1	1	0	0	9	304	0	29	531	16	2	1	3	121	632	26	0	41	532	2	30	0	14	0	229	0	0	344	340	0	4	46	0	2	197	2	2	1	0	4	190	4	102	327	778	447	0	0	252	116	2	287	232	216	5	0	2	6	9	0	0	7	328	4	6	17	38	108	4	3	1	10	1	62	145	631	21	866	950	12	3	40	53	0	366	0	112	0	0	4	0	3	0	0	12	906	3572	26	0	241	62	9	0	1	33	3496	15	2	1	368	2	0	4	22	0	0	247	105	0	0	55	6	6	20	2	190	2	1	1	11	0	132	308	930	74	85	0	192	18	1	187	1209	29	16	9	426	16	375	5	1	124	14	5	3	249	1	250	4	2	1440	3	2	429	74	1	222	193	13	26	0	0	3417	1348	22	0	1	4	1	24	413	4	4	1	83	23	0	0	0	1	1	10	1	7	2563	7	1	1	0	0	1382	1	4	3	2	1	0	28	0	0	895	694	0	0	72	3	25	650	146	0	1	0	23	6	0	3	47	9	0	0	0	154	0	0	0	3	378	14	2	1	9	138	17	120	375	3	55	0	5	1	1141	1	35	2	949	430	6	0	4	435	1	1	1	1	235	0	0	669	2	4	4	0	4	6	3	70	1	0	2	182	1	1	16	0	1	3	3	9	17	0	1	248	10	4	18	5	1	15	266	2	0	73	19	12	2	13	38	2	58	68	72	182	26	38	41	2904	4	2	1735	105	888	1	84	0	3	4	66	307	52	29	80	13	1	0	13	15	1	1	13	899	1	290	205	138	3	5	18	27	662	3	5	6	93	106	366	3	426	25	8	191	2	11	4	69	107	2	42	135	20	44	1	705	2129	721	10	642	82	40	92	338	28	1	213	42	83	0	12	101	0	107	176	19	1	41	5	477	20	693	2	1	60	19	73	9	5	31	14	7	87	61	192	62	1	50	61	6	0	236	66	14	16	14	7	6	2	38	24	14	4	12	97	1247	241	20	500	67	3	8	47	1488	0	9	182	3	4589	11	9	46	1856	13	22	179	257	2	149	0	84	8	37	14	9	130	386	1	14	596	93	126	4	23	8	10	28	44	5	299	5	10	323	114	191	301	12	4162	26	4	7	2	5	29	165	49	10	29	17	116	1	107	20	7	2	203	558	27	30	16	46	6	2	17	63	578	142	858	104	77	29	33	11	5	1	3	0	56	3	364	553	177	35	239	0	10	167	285	2801	29	64	90	9	16	35	5	6	241	177	24	0	26	339	7	213	2	345	172	2165	86	4	1	2	23	638	0	21	0	14	18	148	118	8195	43	2	1162	23	21	9	33	53	12	160	46	44	51	40	573	855	53	918	0	41	204	2	2	15	2	605	7	1484	3	88	1	0	1	0	442	3	168	12	3	1	31	11009	133	7	0	0	5	1675	528	3	28	2	40	0	66	655	0	126	0	6	41	175	138	0	0	1	1	1	12	1639	0	240	0	0	2304	0	25	37	1	0	0	33	224	42	0	97	13	916	2083	0	302	0	48	51	2	2	31	232	1	5	86	9	0	91	62	0	3	613	94	1	510	0	1	466	0	1	49	41	2	1	0	2	109	3	51	0	105	153	3	1	2	152	2	0	424	113	14	92	8	163	7	0	0	1	50	4	0	0	0	0	37	26	0	3	665	1	334	2	0	0	1290	0	2	9	0	0	1	29	122	0	0	0	98	3779	49	25	0	39	1	0	9	237	1	3	1	0	2267	0	1264	5	1	0	3	2856	199	2	6	97	75	41	0	18	191	5	158	5	377	1033	374	0	6	3	642	3	2	26	99	0	0	191	10	2556	20	17	0	3	0	3	0	1723	29	103	0	20	1	2	8	0	2	0	391	0	0	2268	1	410	2	0	2	0	63	4	3	2	0	4	7	168	26	93	0	3	31	0	0	2	191	6	3	945	1	236	0	410	1566	130	0	4	21	1	3	16	0	0	4	23	6	19	3	108	0	1	0	61	0	934	445	4	1356	3	2	380	129	0	0	13	0	0	14	5	8	15	586	0	296	119	68	53	0	34	339	2	258	3	1	155	144	411	1	188	0	0	8	8	13	11	1	0	708	13	5	1	12	0	8	0	1	1	0	2	1	65	4	0	0	18	0	57	0	46	16	97	1	0	0	43	1	0	26	0	0	995	246	63	76	160	282	28	53	73	14	1527	12	131	392	1	3
Eukaryota	Brachiopoda	0	1	0	0	0	0	4	0	0	1	0	3	7	0	0	0	0	0	0	4	0	0	0	0	69	0	0	0	0	0	0	0	0	0	0	0	0	0	0	0	0	0	0	1	0	0	2	0	0	0	0	0	2	0	1	0	0	0	0	1	0	0	0	1	0	0	3113	3	5	0	0	0	0	0	0	0	1	0	2	0	0	0	0	0	0	0	1	0	1	0	0	0	0	3	0	1	621	0	0	0	0	0	1	0	1516	0	3	0	0	1	2	3	0	0	0	0	0	1	58	0	0	8	0	0	0	0	0	0	1	0	0	1	0	0	0	0	1	0	0	0	1	0	0	0	0	1	1	0	0	1	1	0	10	0	0	0	0	0	0	1	1	0	0	0	1	0	46	0	0	0	2	0	1	2	0	0	0	0	0	0	0	0	0	1	0	0	0	44	0	0	1	0	0	0	89	0	0	1	0	0	1	103	5	0	0	0	1	0	5	1	0	0	0	0	12	3	0	0	0	0	0	0	5	0	0	1	0	0	3	0	0	2	1	0	0	3	0	0	0	0	0	2	0	0	0	0	0	0	0	0	1	0	2	0	0	0	1	0	2	0	47	0	0	0	2	0	0	1	0	0	0	0	0	0	0	1	0	1	0	0	0	0	0	0	0	0	30	0	0	0	1	0	2	28	1	0	0	2	0	5	0	0	1	0	0	0	0	0	13	1	0	0	18	0	0	0	0	0	235	0	138	0	1	188	145	0	0	0	0	0	1	0	0	0	1	6	0	0	10	0	5	0	0	1	1	3	4	0	0	0	0	0	0	1	0	0	0	0	0	0	0	0	2	0	0	0	1	0	0	0	0	1	0	0	0	3	0	0	0	0	0	0	0	1411	1074	1	2	1	0	0	0	0	0	0	0	0	0	0	1	0	0	2	0	0	0	6711	0	0	0	1	0	0	0	0	0	0	0	1	0	0	0	3	2	0	0	0	1	0	0	1	0	5	0	0	0	0	0	0	5	0	0	1	0	0	0	0	0	1	0	0	0	10	2	0	1	0	0	0	0	0	40	0	0	0	1	0	3	0	0	0	0	1	1	0	0	1	2	1	1	0	0	3	0	0	0	18	0	0	0	0	0	0	4	0	0	0	0	0	1	0	8	0	4	0	1	2	1	0	0	0	0	0	2	0	0	877	0	0	0	0	0	0	3	0	1	0	1	0	0	0	0	0	0	0	0	0	0	0	1	0	0	0	0	0	0	1	0	0	0	0	0	3	0	0	0	0	0	0	0	0	0	1	0	0	0	137	0	0	0	4	0	0	0	3	0	0	1	0	1	0	0	0	0	0	0	0	0	1	0	0	0	0	0	0	0	0	0	0	0	0	22	0	0	0	1	0	0	0	0	0	0	0	0	0	0	4	0	0	0	1	0	0	81	0	0	0	0	37	0	0	0	0	0	0	0	0	0	0	0	0	1	0	0	0	2	1	1	0	0	0	1	1	0	0	1	0	0	0	0	0	0	0	0	0	2	1	0	0	0	1	0	1	0	1	325	10	0	0	0	5	0	0	1	0	8	0	2	0	1	0	0	0	0	0	0	0	0	0	0	0	0	0	4	0	0	0	0	0	3	0	0	1	1	0	0	1	0	0	0	0	0	0	0	0	0	0	0	0	5	0	12	0	0	0	0	0	0	0	0	0	0	1	2	0	0	0	0	2	0	121	0	0	0	0	0	0	1	0	0	0	0	1	20	0	0	0	0	0	29	0	0	0	0	0	0	0	0	0	0	0	0	1	0	1	1	0	0	0	0	0	0	0	6	0	0	1	12	0	3	0	1	0	2	0	0	1	7	2	0	3	0	1	0	0	0	0	0	0	0	0	1	2	0	0	2	0	0	1	0	0	67	0	0	0	0	0	0	2	0	0	0	0	0	0	0	0	0	4	0	6	5	0	2	0	0	1	1	0	0	0	1	0	1	14	0	0	1813	0	0	0	0	0	0	0	0	0	1	5	0	0	3	1	1	0	0	3	0	0	0	0	0	0	0	0	0	0	1	0	0	0	68	0	0	2	0	0	0	25	0	0	5	0	8	0	0	0	0	0	0	0	5	0	3	0	1	2	0	0	0	6	0	0	1	0	0	0	0	0	0	0	110	0	0	0	0	0	2	0	7	2	0	0	0	1	0	0	0	0	4	0	0	0	1	0	0	0	0	0	1	0	0	0	0	0	0	0	1	6	0	0	0	0	5	0	0	114	0	0	0	0	0	0	0	0	0	15	0	0	0	7	0	0	0	1	0	0	0	0	0	0	1	1	0	0	0	0	0	0	0	0	0	0	0	0	0	0	0	7	1	0	0	0	0	3	0	0	480	0	0	0	0	0	0	0	0	1	0	0	0	0	0	15	1	0	1	0	0	0	0	0	0	0	4	2	0	7	0	0	2	1	106	0	16	0	0	0	2	0	0	307	0	1	7	0	0	0	14	0	0	2	0	0	1	0	0	1	0	0	0	47	4	0	0	0	1	0	0	0	0	0	0	0	22	0	0	0	0	0	0	0	0	0	1	0	0	1	0	0	5	6	0	7	1	0	0	1	0	0	3	0	1	2	0	0	0	1	0	0	0	10	0	3	0	0	0	0	0	1	0	0	1	1	8	2	3	0	0	2	47
Eukaryota	Bryozoa	1	133	3	0	13	3	469	3	0	3	9	14	295	1	0	5	0	3	0	3	3	3	0	0	138	1611	0	4	8	738	2	7	770	18	32	2	4	0	1	2	3	6	174	38	0	0	42	1	1	28	688	1	45	5434	0	0	1	18	3	0	3	6	0	1	2	0	101	0	1204	9	4	0	3	0	1	2	5	3	11	2	0	90	3	9	91	185	3	9	0	2	16	0	3	1	0	2	6823	0	20	9	1	4	2	0	1390	20	651	1	538	3	2	13	1	1	0	3	1294	3	16	37	0	2	0	122	1	2	1	1	0	0	0	15	0	57	0	1	1	1	0	19	0	0	0	2	16	0	6	18	0	3	3	2	5	42	4	0	2	0	1	469	0	0	0	2	2143	1	206	2	0	4	1	65	1	16	1	3	1083	2	0	12	0	0	17	4	23	2	0	23738	2	1	387	0	1	0	12	1	3	12	0	1	159	25	156	2	6	6	32	9	135	848	1	1	3	7	5	237	153	0	0	5	69	35	0	3	2	2	0	14	1	1	2	23	631	42	0	58	0	0	1	0	1	1	2	71	0	1	0	0	0	26	2	0	58	0	1	3	653	3	4	0	146	1035	0	7	30	4	6	13	0	0	4	0	1	0	2	2	0	0	2	3	4	2	8	2	0	2	22	14	0	0	159	7014	0	5	8	2	68	127	1	100	26	323	2	6	131	0	0	0	27	1	22	2	0	22	33	8	0	7831	16	0	5286	6	0	9	1	706	7	7	0	0	2	0	2	0	1	14	16	1	0	11	1	0	1	4	0	1	1	3	5	1	64	1	82	6	0	1	0	1	1	2	2	0	2	0	1	3	1242	0	7	346	1	3	9	6	27	18	0	3	1	3	4	2	2	172	2	12	1	3	5	1123	2	23	13	0	1	0	0	150	16	2	0	87	0	3	0	92542	11	123	0	1	1	2092	24	8	2	1	5	3	25	1	0	497	1	0	1	1	1	1	3	4	4	43	485	0	2128	20	4	0	0	45	3	545	2	1	4	0	0	3	13	4	2	927	4	23	21841	27	2	25	0	0	30	78	470	57	1	0	1	1	7	5	1	125	1	0	1	16	1	6733	1	1	49	1	0	0	110	35	1	4	23	5	552	1	13	1	0	0	6	5	8	0	27	1	602	21	13	0	0	0	0	3	426	1419	93	412	15	71	1640	2	4	0	1	119	66	37	2995	2	7	0	0	2	6	0	0	1783	0	1	0	4	0	0	13	1	1	174	0	6	6	5	39	2	1	0	153	783	6	90	57	0	3	2	0	2	0	21	29	1564	1	190	1	12	13	13	5	1	44	22	60	0	0	36	87	1	1	0	58	3	0	4	28	181	67	78	24	42	0	0	14	85	45	20	9	0	3	0	14	23	22	1	31	35	4	0	0	3	39	216	1	946	97	2470	2	0	821	1	20	0	0	29	25	2	5	5	0	1921	2	3	0	1791	1	0	0	6	2	97	14	224	60	42	79	24	1	8	7	5	1	0	280	2741	127	5	42	407	6	6	27	1066	0	34	2	0	0	4	3	2	463	29	7	97	5	5	2	2	2	0	187	3	9418	6	1	451	5	3	1	213	4	47	0	7	17	14	55	43	2	1	131	5	1464	33	19485	6	135	1	2	5	101	3	0	102	0	2	3	3	0	2	21	474	29	122	43	57	0	276	3	3	206	3	49	1	77	2	1392	16	104	2	0	0	2	12	5	190	21	5	10	2	36	13	1629	4	2	9	1	178	458	4	14	325	4	0	8	377	1	0	63	2	7	0	15	64	3	0	0	110	13	0	3973	0	0	12	28	8	3	38	2	0	52	7	46	2989	3	36	69	17	981	0	23	0	1	2	0	63	0	1	32	1	3	2	1	0	1	0	1	0	2	0	3	2	81	0	0	2	11	1	23	57	7	3	12	0	3	2	2	2	0	10	5	0	4	0	0	42	0	5	1	7	1	71	0	0	0	14	2	1	114	0	1	0	11	0	0	1	2	52	0	1	1	1	6	1	3	0	13	0	0	0	0	402	18	94	2	0	16	0	1	1	0	2	2084	0	1	7	111	23	0	1	1	4	27	3	0	1	0	0	63	2	0	0	0	1	4	3	374	0	1301	2	1	86	5	6	2	1	19	10	98	3	0	23	0	0	8	1	1	0	572	0	0	1	1	4	1	526	0	0	0	112	0	0	6	12	8	5	1	8	0	3	33	0	4	1	1	42	2	0	1	1	2	0	0	29	6	0	0	2	1	6	2	11	0	0	3	1	4	583	15	0	1	1	1	5	0	526	0	1	4	3	1	8	0	0	167	1	0	0	46	0	1	0	0	21	0	2	0	66	0	0	0	2	0	1761	2	0	2	14	2	1742	0	1	3	0	1	2	3	16	2	0	21	0	13	0	3	0	2	1	0	0	0	0	2	0	0	1	0	98	13	0	0	4	11	1	2	6	0	1	2	3	1	5	0	1	2	228	3	1	7	0	2	3	3	8	0	3	4	0	1	5	0	1	2	0	3	2	2	3	1	0	4	3	0	4	4	1	4	5	79	0	0	1	4	15	1	1	0	2	0	0	19	309	1	0	7	0	6	112	5	0	8	0	0	9	19	3	150	30	1	2	3	0	0	2	1374	1	0	0	1	13	0	1	0	21	29	148	0	8	4	1	108	1	1	0	242
Eukaryota	Chaetognatha	85	179	13	226	7	49	11607	0	45	2	7	31	3	17	2	3	107	5089	129	122	3	54558	3	428	757	472	54	5	84	11	1	58	881	1641	1205	3	4704	22	2	90	0	1448	282	30	11	25	88	65	1	21	11	45	126	3130	433	1	116	111	1221	4	28	65	7	53	12	721	75	23	1005	405	31	1	23	0	11	52	22	11	110	14	3803	20	10	13	2599	539	3893	116	13	430	419	56	11	25	18	24	31	2957	182	627	87	3371	10	14369	203	18	714	245	13780	2570	12	90	34	287	12	2	474	2	90	25	708	3	3439	127	575	2	62	5	101	11	77	1	109	37	2	3407	1044	4	15	17	0	16	221	14	63	0	145	4	1205	126	40	2130	21	21	37	4	500	11	1	1	13	3	1	23	399	1337	1128	40	31	6	692	32	12	3748	47	21	455	143	15	28	0	0	1	89	3	1	6	8	316	4	1728	937	1182	206	827	5	3902	346	25	1062	22	439	22	413	7	112	918	132	170	527	21	140	13	58	1224	4169	76	31	2	32	253	3960	12	619	5	110	324	24	18	46	4	2341	210	645	2	19	14	45	27	26	82	11	137	53	52	0	9	103	9	16	48	480	2543	23	0	399	1772	4	42	6	324	2467	0	28	4008	8	11	30	0	1049	85	183	200	949	127	747	9	178	1629	18	138	15	2359	54	73	362	747	25	73	4	70	1935	10	312	67	133	46	34	27	90	182	491	10948	2	4145	147	19	18	630	123	12	116	568	144	29	5	163	723	623	0	5758	35	2337	49	395	2054	989	3	62	22	16	26	2	388	64	32	2145	8999	75	48	324	0	236	55	1994	148	14	5	97	7	170	1	38	726	9	12	7	7	34	8	85	104	11	6	8	56	1305	58	1843	1665	22	98	5	5	256	268	4	20	98	196	19	11	27	45	331	0	3	32	128	5	425	5	73	8	41	15	168	52	17	485	27	65	16	98	116	410	46	51	2	142	24	71	3731	187	78	239	3	3	10	8073	12	1463	1	1	14	2505	224	2	6	127	22	313	14092	424	3776	77	1911	1160	54	37	29	471	1445	19	66	2062	12	6	559	2	63	4140	187	9	2394	20	2	22	477	4	4	14	1391	170	8	9	77	6	203	1111	61	4699	2	5	36	489	106	1112	1059	1193	247	20	99	35	52	440	1	74	272	230	1565	2062	128	332	0	23	1155	47	11	0	3162	191	5	926	7521	14	2	21	24	3250	1	754	71	437	99	14	0	12	59	0	15	234	28	20	510	2163	1272	346	100	3	5	58	18	783	0	0	15	3	1	56	494	22	19	60	12	31	30	5	14	20	17	0	27	197	334	250	6261	2044	28	188	14	24	18	31	22	8	41	1978	10	1167	3288	11	206	2	25	3	167	28	9	101	1853	9	0	3	11	7	410	0	11	63	87	1400	12	2616	0	0	97	11437	18	12	2104	0	123	166	288	63	0	35	11	99	0	9	11	28	6	1710	34	221	55	1045	4	0	5	1	1	21	4	1861	0	2	770	9	31	731	93	107	151	472	2814	28	79	24	0	30	2076	11	8	25	607	1	3	6288	6	13956	2619	3	0	942	80	4260	5196	622	16	1	171	507	2	137	14	162	5	503	45	10	3	0	5	17	295	3729	277	18	16	309	2779	89	2415	661	110	1	58	161	498	39	4	121	0	33	372	0	2	17	22	61	22	16	38	7	233	16	144	5327	1710	450	18	10	1497	19	223	20	663	5	1	1947	10	51	1	13045	4	4	412	102	53	5	0	14	3776	25	6	565	342	96	5	0	0	10	160	358	661	0	407	28	3	273	38	51	1086	2458	83	20	15	114	1855	705	14	567	949	0	7	28	4	1	5	9	2	67	2	33	4	2	43	39	1327	9	1711	2	48	12	40	8	199	2546	431	0	5	0	0	888	2016	15	2594	78	166	356	228	4	18830	53	3425	25	62	348	446	1	0	45	9	194	1617	128	9017	1970	10250	7	95	4	8369	4921	0	12	16862	0	4	10533	308	31	246	400	73	4	636	144	2	33	223	316	8	1641	515	1948	90	91	1963	147	24	513	53	4045	62	354	0	599	5632	2146	0	301	13148	1500	23	195	10	4	184	6	332	823	1012	393	2	2	1341	211	982	559	14134	45	174	8598	352	65	77	6648	24	7	3	12	16083	1140	3124	411	483	178	21	93	65	15	12	315	125	15	1384	17	4409	470	129	1	37	131	982	15118	520	6784	572	102	782	2824	573	926	0	237	241	1234	2	129	2	238	54	147	13	2	3565	0	1211	649	476	51	3022	1394	15174	5412	663	51	2	29	58	109	198	110	1589	8	208	1523	7247	1	605	37	4	348	448	2553	191	56	0	0	19	0	467	82	790	0	80	942	3148	45	105	180	151	230	125	3	315	13317	88	1343	0	5652	111	38	2	229	411	419	319	2102	176	4601	4	6215	9229	125	76	591	28	322	890	1016	8025	78	14	12	113	7273	20	385	71	11	1939	303	87	2	195	2	5818	2602	1900	1741	483	6	130	17	1110	132	23	1	7762	837	259	330	143	2280	1420	23	88	69	70	134	83	411	24	6450	26	9268	107	846	51	3638	1211	76	248	171	2313	121	807	249	2850	37	2670	13	3	527	67	183	409	49	14	45	11425	1038	4077	3929	352	1083	918	2	1	40	142	17	13	21	3141	173	24	0	246	60	5426	111	2	293	291	28	3958	1562	6267	816	1	5223	83	175	208	71	946	3493	129	4127	2598	68	1412	750	5983	24831	1665	102	588	74	284	127	16514	73	10267	173	56	64	19	855	8	49	1810	14720	4	5031	8282	15	269	15	2	499	587	14325	100	3877	339	480	142	65	58	390	4605
Eukaryota	Chlorophyta	153	80547	3586	1007	6110	258	38	481	4	335	6151	161	29930	251	1673	85	0	528	2253	748	143	20	6265	123	64	651	122	831	216	17	117	211	63	194	49	3849	37	4077	4544	3650	4639	290	793	157	18775	89	32193	158	1787	3463	16	557	299	73	4749	167	955	63310	9575	7662	305	88	11824	286	3756	8075	980	3723	23	264	45246	12486	77	6210	76	756	2222	591	3131	323	1042	4785	73	161	24437	15	240	25626	1520	28	1347	352	8484	590	86	8861	135	9	15302	81	23844	2463	327	289	58	978	829	2515	135	14	320	13	109	20	6974	3091	1024	357	6004	493	169	179	4	160	28	2329	40172	30	1685	7876	58466	11118	6	1049	11321	260	215	14508	0	57	814	33	10	31	3956	263	5	335	18	759	110159	1528	62	13755	846	441	61	128	431	16943	74	405	4722	1455	20	72	467	96	1	364	8	958	101	257	188	114	85	28725	117	535	544	1024	1229	63362	1439	102	318	9	84	5337	28	11	12638	9	530	363	187	785	3161	7	18806	476	17373	284	2028	337	21	5204	753	79	23519	2101	7089	35152	682	369	1	8	495	2868	60	1069	952	4201	220	258	1148	5112	3196	5997	140	14671	43315	20	2791	45	73	16	7724	50	3	4650	80218	57	342	1037	61	143	2407	301	441	89	125	121	4361	277	515	50330	137541	13701	404	14	5385	22738	213	470	2946	3679	180	96	118	1545	1382	11	181	58	25336	417	42	1515	2418	14951	26162	257	484	2961	805	3977	21509	9145	12724	15479	10473	400	1149	1695	17708	79	3865	271	27750	337	93	236	101	205	289	8	460	74741	20711	1081	19	3955	440	664	2966	105	6226	2327	896	310	2550	53526	1347	67	215	1203	771	5	8220	8515	31	1	2736	109	439	354	63	13955	942	967	19	167	66	4142	1589	29877	103280	7656	3	11636	460	52	44493	13180	2456	225	3704	2324	904	205625	282	57	14004	957	40	134	4765	24	1481	181	208	79689	615	560	2393	7099	2198	46913	22200	2295	282	1426	59	5794	13212	668	20	7	3150	38	737	2636	53	176	207	37955	850	25	184	80	145	75	1929	93	147	40386	94	158	2150	28	14	35620	25	2725	712	92	42	928	365	191	25	4531	35709	7	8331	6275	22	182	28693	13904	44	1377	69	315	89	85	102	606	198	11	15	38	1180	164	109	38	84	1626	16654	39	365	192	1259	1219	3287	1304	104	8407	839	97	79	8405	267	400	59	6167	8326	4913	2752	206	15550	123	108	7	1609	376	85	16	15755	26	61	354	3	829	936	78	460	13	15	106	64085	32	1229	386	182	129	196	1318	119	137	251	137	6942	252	43	366	26	261	187	954	433	1701	606	4834	565	7	155	1222	32	8335	18191	2596	365	46043	4410	1037	12292	63	71	7500	13881	14060	53	6845	12	201	23071	11860	68132	8224	3709	836	147	55	597	798	138	5	2	2671	4468	210	3675	70479	9422	274	379	274	2373	6166	38	168	295	30311	2611	3375	8	63292	1095	199	51867	36	872	30	2422	1265	219	1365	60410	1304	4117	28	7237	7169	35997	1080	6774	721	370	27354	1567	458	25	880	4913	527	71	666	3089	173	10153	36754	850	117	4597	70	4526	11746	2274	115	21	5132	1901	82523	22	234	1856	369	389	257	16896	7540	4789	861	1455	19036	49	48	1231	7638	5180	316	2923	134	1135	380	28847	371	933	69	531	104562	12118	25071	406	6729	5618	109	56679	2575	8580	4793	1023	7044	155	19275	16	26676	4567	17851	127	229	17275	743	88	833	267	8907	240	2949	2825	80	22181	1154	40	208	3298	6134	16352	147	658	2626	5802	17182	316	349	9611	1603	191	1668	1473	5974	16718	322	3260	279	1949	1393	2411	345	942	118553	810	166	2459	3197	5605	757	1092	8123	249	10502	19366	11300	5339	280	8740	1672	401	50	454	18255	6118	58868	5396	15994	4299	5113	958	475	1770	78	769	8	1574	379	19501	15405	253	6826	19242	51	2465	15033	5852	52627	28926	11269	6869	388	198	2875	904	599	6654	70871	1482	15	816	33511	1593	1225	355	8543	2516	1605	4777	623	26	24	643	11969	23	112	9	1409	2101	1103	1440	26741	6392	244	13277	984	862	99	283	244	718	13612	1175	1550	1153	298	1803	12018	3134	12116	10	797	3823	924	44	5313	1197	82412	9052	13602	44	4743	510	8	326	909	30647	208	21151	842	336	41	1887	20855	10659	26	62	140	82	101292	15730	18	636	192	3821	2656	8314	28399	5	30479	454	7042	1524	8952	68395	411	213	17	168	40	129	27407	85	26993	168	245	10981	37	566	28348	85	385	21	405	2928	533	6	13291	68680	18726	10619	200	72021	408	5088	34351	1659	402	64	34719	2696	393	29747	278	243	9605	213	257	1143	11184	103443	754	10441	21	15	51985	55	3671	33585	26022	821	230	55	1300	42557	5023	763	1023	7390	1194	976	1466	276	44278	789	1227	1811	955	32930	11641	1067	71554	283	829	556	1196	34463	345	49	3675	251	558	210	1689	20	1486	7835	12308	6008	112	1260	180	14809	458	4373	503	2955	33	13	7998	4860	1405	6	371	5753	46637	85462	1898	57	45172	10	109	8442	2013	1990	593	3303	100	5210	24	20604	674	648	18	132	5228	9160	322	458	3048	3550	15397	23	205	4678	1191	17659	382	29454	87021	173820	80	5488	45083	30	723	703	2759	1547	218	13	15186	2714	10071	444	96264	63	56	50	1922	353	30648	362	22608	3	671	109	144	1529	39	8	860	3146	4676	39	33827	144	3320	292	8	1013	1508	5219	624	687	3864	2666	97	4753	6975	31460	34552	609	203	432	84	665	74	46123	934	2721	7314	754	57182	210	4753	17428	5442	1115	2368	536	22	2205	3637	18	260	968	4741	17501	16926	53	1043	1316	102	530	39250	315	64956	30667	1381	8118	2678	2434	12388	19478	405	429	152	432	71	15784	10675	3914	425	12985	47	14822	17773	769	9947	100	46002	19356	59	15885	613	137	68446	21101	169010	128	1147	1724	7926	64437	10197	374	7793	945	11	16561	611	2727	28	726	27	10551	2155	273	8920	140	433	211	1666	186	182	1757	94651	571	54910	378	3975	1069	54187	373	6	26	6269	293	237	369	50	278	14924	5627	6008	680	4888	1123	845	606	4642	7976	12938	119	81757	33903	11978	208
Eukaryota	Chordata	50171	9846	3403	2390	271	2749	79107	12	18530	7810	7457	618	1044	1404	16739	845	2595	12421	24643	5417	785	430697	3199	4033	20548	6005	908	2623	11650	435	2855	1092	595	17913	5673	4024	23293	4582	1647	2178	1926	7287	13101	783	13358	9594	5452	1072	213	1954	421	2494	7769	53696	7259	155	3572	112366	11551	3168	1749	5063	19916	1078	4369	23874	2884	4022	28058	1214	3700	1287	4069	61	378	5311	3646	16151	38637	1998	94345	3270	87	2273	35869	36872	34088	297	2751	37424	58908	2653	4969	7079	1264	10097	1946	36227	8669	7301	1935	45607	322	40410	5154	27319	17954	2371	42566	4684	4899	1006	1240	44916	869	3468	5231	351495	12159	1148	6771	972	8177	4387	9041	837	2027	81	6394	2142	49654	229	4627	21196	514	22261	6815	13069	7347	331	9743	2067	20180	5177	15412	187198	737	7171	1232	6045	4466	27929	76829	3199	9523	7164	13949	2089	19859	334	223	95	14465	656	484	21590	27106	960	15806	4265	10472	19508	295	481855	3119	2287	9401	47731	1775	2005	836	97	29148	3534	1034	3008	850	2216	5145	323	41178	12838	38684	4990	3241	3099	34111	7691	5704	5599	2132	30922	1835	8995	682	15806	3660	18029	1926	12588	1019	15285	14945	48197	14724	74019	978	2566	127	5583	1341	60884	17139	36939	4691	928	40606	2983	3247	17207	3529	49080	22435	973	1459	2323	149	25668	1934	282	56981	10088	11935	2040	2991	75	2852	23850	5232	1565	9754	212819	91329	2276	5838	1258	16462	4306	62237	11968	81904	19782	7316	693	12615	8766	16812	2465	233	7480	3342	5860	4915	3359	1027	24097	3013	9940	183	2934	4205	2763	124789	2841	4122	10785	24443	1394	2572	398	6160	26702	635	155379	5803	1631	4312	3803	6748	1505	8694	33747	12284	490	20214	2970	1247	1440	15715	49007	1633	11182	116996	4090	964	1878	7475	34043	15172	983	17689	430	12830	11216	87100	12143	3111	666	1233	1975	2361	2675	379	1964	18084	6193	11701	179257	12393	3459	2757	19	194339	19448	5815	50132	6977	33134	19930	1514	10780	1144	2018	2095	1756	12765	636	1030	53147	2679	3887	22013	3552	105	1323	6478	8070	6178	25027	38281	6362	1698	3152	7037	13773	3622	2456	917	10242	13734	4143	2080	6166	27920	5754	3263	12951	3412	99313	629	3786	197	3206	356	3243	40018	869	3763	2975	44796	403	2602	12067	2223	6858	14805	1455	15088	259	7003	8062	3471	54054	20198	6314	30830	4078	624	598	21204	2396	8621	5043	14761	19297	3150	43768	10602	21900	10954	1303	34438	232376	49212	49431	2725	80481	219154	13712	2070	824	14998	6741	965	8100	92282	905	10484	49391	67476	171	30801	12723	11047	26065	25014	33768	33929	6948	377	8726	2108	24373	3908	4002	1022	13535	1031	11784	12493	14253	84062	6028	2363	6886	4504	6409	14564	7865	4027	61067	3999	728	79446	661	5930	4957	3615	10551	2135	12867	245	15537	9618	16	4184	253	6840	1411	5	43274	30326	1011	203	1451	9992	1630	3395	4586	83784	106	16892	6144	6317	3656	2023	474	256	2142	272	691	5998	11355	32687	9915	42250	51773	3690	2503	142	383	1632	6273	11950	112	29	63	592	75	11728	107733	1906	3796	1402	1584	1951	858	9339	253	523	446	886	5503	2767	19537	200622	179483	66878	7678	2776	33303	35869	110	687	1300	13739	6816	4024	68	23088	14167	553	11879	139423	1836	144	19461	2573	2202	11310	106427	13536	28	25	2649	2233	164932	50366	2786	939	1006	18551	3365	1494	26	46	1962	6981	582	1857	95957	26	16703	89502	7533	1148	8754	1147	1453	20210	704	1218	346	60787	2241	37179	295	3252	4553	13127	730	37	8497	4952	14148	5033	152	125373	277	76	5307	4675	2045	9638	1586	536	1109	6649	38687	10198	2623	513	38562	1859	41567	27551	2163	3012	1740	531	270	26373	1197	30747	14110	4990	129	27873	2961	228550	167182	71106	708	13668	161696	12084	2023	6587	2111	3327	6350	28593	38607	261440	3283	8299	381	765	52378	162420	46911	9623	2025	1145	24743	6100	23806	3959	24172	729	12387	26777	8765	2946	20364	129648	1265	1251	933	6750	907	2251	2328	40477	2566	2188	1522	4626	9379	2926	2092	63044	55479	4493	61491	9121	4019	820	446	2312	3364	450	89	7909	1627	23827	808	325823	17422	7455	27949	3939	3620	179	426	272	9295	369	2307	23750	7660	2563	98	447	899	5992	6019	95059	1215	1235	79736	7334	16780	9247	3470	1109	35836	122516	6372	605	1971	28054	340882	5057	1947	53588	15761	549	5369	7978	255	385	2945	9852	144	371	511	2913	1097	6964	2704	5489	41161	524	20195	7510	878	286	89546	2129	6460	168750	22018	120	530	1675	12583	13165	105377	6500	1736	3148	24336	16449	4458	769	16084	7089	92437	10251	233	15766	43668	30	3315	3972	1937	1503	9234	9150	50731	11082	21993	1833	7599	2755	67775	12566	40	41722	88419	276	38384	85252	9460	54050	6938	58531	1708	6022	5711	109494	139	24756	11498	6293	1094	14529	7014	8986	3067	58008	21650	11624	1861	35733	5942	31748	4455	21955	118	18751	130607	45509	153	29899	18920	22603	3978	5535	15057	641	9435	778	37288	35272	15570	37936	56465	275	58639	642	60691	14448	8502	2281	26345	235280	15604	6258	4657	95041	8831	381	16	3893	100474	10747	40636	20888	26390	222010	1156	3446	12040	2923	1897	9295	6175	1190	9909	26	348448	18291	90	5215	1143	37892	2052	2254	92729	65113	25373	4275	25038	16396	11076	812826	568	5625	6241	49681	9181	7412	44	17137	6607	2069	3041	5982	45599	68	64472	16397	5496	6904	6944	40402	9094	28204	9583	15858	57	1798	3524	23864	6509	4423	91374	10948	262324	53683	5800	733	31083	7227	595	9778	41959	222074	9261	10585	64	30	1201	3576	7319	3402	5761	84	27304	14899	67818	2287	16977	7177	19155	4461	20484	4713	132636	50262	32269	102152	112	116051	1487	4549	1133	8536	2763	18510	8471	70598	12218	10580	84	51838	19115	5990	7848	17469	3126	47348	9030	7364	51817	1258	464	1418	562	21076	1997	70692	1879	32702	3080	37907	11396	93	2766	5508	107738	379510	4099	93875	7206	858	13011	4249	129178	15101	332	72	19977	10747	16281	7171	23659	17118	35626	9522	12620	330699	1311	17879	10449	6350	10348	53395	1835225	16236	7978	111265	197	52102	22504	6224	163504	1944	71329	12256	6263	830	1118111	2691	42805	385261	1369	2364	16765	27821	15591	33328	7803	466	65247	110381	20894	17519	2594	10922	29944	297	510	1273	46998	1452	2601	6028	41569	26163	4492	31	27945	4809	53	16519	6751	10806	999	1491	24506	5378	3906	18508	4908	41519	16200	6744	19859	1160	14667	255841	21586	77487	130436	1683	33006	3949	179338	552360	53041	3999	1731	2659	21455	4998	415719	3227	23503	19283	942	60917	397	2721	290	2744	186122	4782	530	8893	63504	78384	11878	41802	955	246608	10452	92685	3584	95078	26016	11703	18141	19902	274523	16730	4816
Eukaryota	Chromerida	0	0	1	0	0	0	0	0	0	0	1	1	0	0	0	0	0	0	0	0	0	0	0	0	0	0	0	4	0	0	0	1	0	0	0	0	1	0	0	0	0	0	5	0	0	0	3	1	0	0	0	0	0	0	0	0	0	0	0	0	2	0	0	0	0	1	8	0	0	0	1	2	0	0	0	1	1	0	0	0	0	3	0	0	37	0	0	0	2	4	0	0	0	0	0	1	0	1	0	0	1	4	0	0	0	0	2	1	1	0	0	1	0	0	0	1	0	0	1	0	0	0	0	1	0	0	0	1	0	0	87	0	0	2	0	0	0	1	0	0	0	0	0	0	0	0	0	0	0	0	0	0	2	7	0	0	0	0	7	1	0	0	0	0	0	0	0	0	0	0	0	2	1	0	0	0	0	0	0	3	0	0	0	2	2	1	0	0	0	1	0	0	0	0	0	0	0	0	1	0	11	3	9	0	0	0	0	0	0	0	0	1	0	0	0	0	0	0	0	0	1	1	2	0	1	1	0	1	0	0	0	6	0	0	0	0	1	0	0	0	0	2	1	0	0	0	0	1	0	0	0	0	0	0	6	0	0	1	0	1	6	0	1	2	0	0	1	0	0	0	1	0	1	0	1	0	0	0	0	2	1	0	0	2	0	2	0	2	0	0	0	0	0	8	0	0	0	0	1	1	0	0	2	1	0	0	0	0	0	0	1	0	0	3	0	0	0	0	2	0	0	1	0	2	2	0	0	0	0	1	0	2	0	0	0	0	1	0	1	1	0	0	1	0	0	1	1	0	0	2	0	1	0	0	0	0	1	1	1	0	0	2	0	0	0	1	0	1	0	0	0	0	0	3	0	0	1	1	0	0	1	0	0	21	0	0	1	0	0	0	1	0	2	0	0	0	0	1	0	4	0	0	0	0	0	0	1	3	0	0	1	0	1	0	0	0	0	0	0	0	1	0	0	1	0	2	0	0	2	0	0	0	0	0	0	1	0	0	6	0	0	0	1	0	6	0	0	0	0	0	0	0	0	0	2	1	0	0	2	0	0	0	1	0	0	0	0	0	0	2	0	0	0	5	0	0	0	0	0	0	0	0	0	0	0	0	1	0	1	0	0	0	2	0	0	1	0	0	0	1	0	0	0	0	2	0	0	4	0	0	0	0	1	0	0	0	0	0	0	0	0	1	2	0	0	0	0	0	0	0	0	0	0	1	0	0	0	0	0	0	1	0	0	0	0	0	0	0	0	0	0	1	0	4	0	3	0	0	2	0	0	1	0	0	0	26	1	1	0	0	1	1	0	0	0	0	3	2	0	1	3	0	0	0	48	0	1	0	23	0	0	0	0	0	0	0	1	0	0	1	0	1	0	1	0	0	0	0	31	0	1	0	0	0	1	6	0	1	0	4	0	0	24	2	2	0	0	28	1	0	0	2	0	2	0	0	1	0	0	0	1	0	1	0	0	98	0	2	4	0	0	0	8	0	0	0	0	0	0	0	0	2	0	1	0	0	0	0	0	0	1	2	1	0	35	0	0	0	0	0	1	1	0	1	4	0	0	0	3	0	0	1	0	9	2	1	0	0	0	0	0	0	0	0	0	0	7	0	0	0	1	0	0	6	2	1	0	0	0	0	0	0	0	1	55	10	0	1	0	1	0	0	0	0	0	0	0	0	0	0	1	0	0	0	0	0	0	3	0	8	0	0	0	1	0	0	2	0	0	0	0	3	0	4	2	1	0	0	2	5	0	0	0	0	0	1	0	1	1	0	3	12	0	0	2	0	0	0	0	0	0	0	0	0	4	0	0	2	2	1	0	0	0	0	0	0	0	1	0	0	0	1	0	0	0	0	0	0	0	0	0	0	0	0	0	0	1	0	0	0	1	1	0	0	0	1	0	0	0	0	0	0	0	0	1	0	0	0	0	0	0	1	1	1	1	0	0	0	2	1	0	0	0	0	0	0	0	1	0	0	0	0	0	0	0	0	0	0	0	0	0	0	0	0	0	1	0	0	1	0	1	0	1	0	0	0	0	1	1	0	2	0	0	0	0	0	0	0	0	0	0	1	0	0	0	0	0	0	0	0	0	0	0	0	0	0	1	0	0	0	0	0	0	4	0	0	0	0	0	0	0	0	2	0	0	0	1	0	0	5	0	2	0	0	0	1	0	0	0	0	0	1	0	0	0	0	0	0	1	0	2	0	0	0	0	1	1	0	1	0	1	0	0	1	1	0	4	0	0	0	1	1	0	0	0	0	0	1	0	2	0	0	2	0	0	3	0	0	0	7	1	0	0	0	0	0	0	0	0	0	0	1	0	0	0	0	0	0	0	0	0	0	0	1	1	1	0	0	0	0	0	0	0	0	1	0	0	0	0	0	0	0	0	0	0	0	2	0	0	0	0	0	1	0	0	0	0	0	2	7	0	0	0	0	0	0	0	1	0	0	1	0	1	0	0	0	0	0	0	0	3	0	3	0	0	0	1	0	0	0	0	0	3	0	3	0	0	0	0	1	0	0	0	0	0	1	0	0	1	0	0	0	14	0	0	0	1	4	0	0	2	0	0	0	0	0	0	0	6	0	0	0	0	0	0	0	0	0	0	0	0	0	0	0	1	1	0	0	35	0	1	0	0	0	0	2	1	1	0
Eukaryota	Chytridiomycota	1	0	0	0	29	5	350	0	0	1	0	0	9	0	1	1	0	3	0	0	0	2	0	0	0	2	6	29	0	0	0	0	0	0	160	3	0	2	10	9	0	4523	0	0	0	222	12	15	14	0	0	3	0	3	12	0	0	0	0	0	0	0	137	0	1	2	5	2	1	1	0	0	0	1	0	1	1	2	6	0	0	10	17	0	19	1	11	4	0	0	3	0	0	6	0	0	0	0	0	0	0	0	0	0	0	7	1	0	1	0	1	6	2	1	0	0	2	7045	1	0	0	35	0	0	1	11	1	1	0	0	9	0	0	8	0	0	237	0	0	0	0	0	0	0	0	4157	0	0	27	0	1	0	3	0	0	0	20	0	0	47	0	23	1	0	0	4	0	0	0	1	7	3	0	0	0	0	0	0	0	3	0	4	6	1	2	0	1	0	0	1	62	9	0	0	1	0	3	0	0	0	23	0	20	1	0	0	1	0	0	3	0	1	0	0	1	0	0	51	19	1	0	45	0	0	1	1	0	1	2	51	0	0	1	0	0	0	24	0	0	1	0	2	0	0	0	11	0	0	1	1	0	0	0	0	0	0	1	0	13	0	2	2	0	0	24	1	1	0	0	1	0	0	0	0	0	28	1	0	17	1	0	0	3	0	1	0	3	0	0	0	0	12	2	3	0	0	0	0	2	0	0	1	162	0	545	0	0	42	0	0	1	0	13	2	2	0	0	5	0	0	0	0	0	0	0	0	1	0	0	0	1	10	0	0	1	1	7062	11	0	1	1	0	0	553	0	2	7	15	0	3	0	1	0	5	0	0	1	1	1	0	1	1	2	0	0	1	2	0	1	54	12	1	0	8	0	2	1	0	1	11	1	0	0	9	4	1	1	0	0	0	1	0	1	0	0	0	1	0	0	0	1	0	9	0	0	0	0	0	0	0	0	0	0	0	0	0	0	0	0	2	0	1	123	0	0	0	0	68	1	5	1	1	0	0	0	1	0	0	2	15	0	0	1	0	2	0	0	289	0	5	2	359	0	0	17	1	3	10	0	1	0	0	64	0	0	0	0	1	1	2	0	2	0	0	0	0	0	12	0	1	1	1	0	0	1	0	1	0	13	0	1	17	1	0	0	0	0	0	1	0	2	1	0	0	0	1	0	0	0	0	1	5	0	0	1	0	2	0	3	1	0	0	2	3	1	0	0	16	0	0	2	0	0	1	1	1	0	0	0	0	0	0	1	2	0	0	0	0	0	0	1	0	50	3	1	5	0	0	21	1	1	3	0	0	0	211	0	0	0	0	37	2	2	0	1	0	0	3	1	0	38	658	1	0	0	3	0	0	0	1	1	0	0	0	0	5	2	0	0	0	3	0	1	1	2	1	0	0	0	0	0	0	0	6	3	30	0	3	0	7	0	0	120	1	1	0	27	0	2	0	2	1	3	5	1	1	0	32	1	0	6	6	0	0	1	246	0	0	1	0	0	17	1	1	10	0	3	2	0	0	0	0	1	0	7800	1	0	1	19	0	1	0	4	0	138	5	2	0	0	2	0	0	17	0	4	1	9	10	0	4	0	0	0	3	10	5	0	1	3	3	21	3	11	0	0	0	6	1	6	0	1	0	0	0	13	1	0	1	5	1	11	2	0	2	1	22	0	0	1	7	1	3	0	0	3	0	0	0	15	0	1	0	10	0	0	1	2	2	4	50	0	25	1	20	1	0	0	2	0	0	0	0	0	1	0	1	0	0	1	7	0	0	197	0	0	0	9	5	0	3	7	0	0	0	4	0	0	0	25	0	0	2	4	14	1	0	6	0	1	0	1	7	2	1	0	1	2	1	1	15	0	9	0	0	0	0	7	0	0	1	10	0	5	0	2	0	0	9	0	2	1	0	1	0	0	0	0	0	0	0	0	1	0	5	3	0	0	0	0	2	1	15	15	0	0	1	1	0	0	0	0	0	6	1	0	1	0	0	0	0	2	0	0	0	1962	0	0	13	0	0	0	0	0	0	26	0	0	0	0	0	0	0	0	0	0	1	0	0	0	0	0	0	0	0	0	1	4	0	3	9	81	0	1	5	4	1	0	3	0	0	2	0	4	0	0	72	0	3	0	0	1	0	1	0	0	5	3	0	0	0	0	0	69	0	0	0	1	0	0	353	0	0	0	4	1	0	0	32	3	2	0	0	0	1	9	0	3	0	0	0	0	1759	0	0	0	2	0	0	0	1	0	0	0	0	0	1	11	0	2	0	0	0	6	0	0	0	6	6	1	0	4	1	0	1	0	1	0	0	0	0	3	0	0	0	0	0	28	1	0	34	0	4	0	0	0	4	0	30	0	0	8	0	1	32	2	2	0	9	1	8	0	0	1	0	1	0	11	0	0	0	0	0	0	0	7	0	8	0	0	0	5	8	6	0	0	0	0	3	0	1	157	0	11	0	0	0	0	0	158	0	2	0	2	2	0	2	0	0	0	0	0	7	0	2	0	0	0	0	0	0	0	0	13	0	5	1	46	2	4	1	0	0	1	0	0	1	0	2	0	0	1	0	0	0	17	10	0	0	0	1	0	0	0	0	0	0	0	1	0	0	5	0	7	8	0	2	0	0	9	0	0	0	0	0	0	11	0	93	1	0	0	2	1	0	4	6	0	0	0
Eukaryota	Cnidaria	33978	10392	187	3423	407	6957	23939	0	483	3686	12690	9867	212	121	233	16792	10990	822	39470	11898	13535	1274	1575	8273	193250	60749	1895	2804	27449	3721	17059	22843	5634	9638	1570	517	23787	2116	1590	354	314	3196	15167	11578	257	206	4298	2384	40	1606	3598	5663	25268	75088	12077	444	2136	1099	10868	695	141	6192	6268	4854	2037	2571	6739	2867	6489	1159	217	751	1037	34	8729	6061	825	18222	533363	2544	19591	1292	58	7459	4133	7482	15514	753	229	5055	7788	3586	994	13007	1575	1053	78111	4689	3630	3820	2479	3046	1805	70487	7993	16685	62236	2056	32829	22150	13958	5966	6420	220656	684	6155	53444	1548	2636	344	12982	4380	2668	16006	3244	880	201	1801	43721	2499	14702	127	29827	4019	1576	20467	2581	454	193	4776	309783	1853	8378	1438	3796	879	2129	10842	608	7161	4670	1977	1103	868	10830	2714	3324	21339	161	684	554	49	5613	429	3063	7632	13771	5030	429	655	2829	5439	5789	16405	10341	2768	29015	5727	17432	1500	1898	34	68031	336	396	18635	1100	2652	14723	342	7425	3499	4055	21003	4691	7733	74036	42122	959	2701	5542	6798	5039	19650	680	2029	3262	733	5412	45517	1652	2227	282	8731	16973	42735	5554	238	56	1416	14365	12055	17239	18745	2320	3354	7399	2298	2128	4321	33788	6918	19306	1973	315	4939	74	13572	9171	144	2608	9024	3325	16400	3590	27	348	59616	4626	15849	7702	1923	43379	7924	956	1202	27513	3078	14111	421	24967	55925	1107	1205	11507	8719	2077	1793	316	7108	7006	11894	715	9977	339	5450	331	10241	596	223	3865	621	8039	4852	5715	5808	5655	1361	2236	1245	4655	49508	703	26285	46519	1421	15676	7239	1024	20317	3246	5990	4727	11321	5011	2138	2613	164	7873	4820	1237	8930	478868	2140	309	3451	18423	28220	13775	144	130418	6988	17694	9559	52572	13428	5630	575	1919	415	10483	2686	9108	800	943	1574	4918	35639	41873	4404	9349	5	8423	472	2211	60828	6198	84917	5193	1732	2142	5820	21746	2397	2434	3115	720	1292	19023	2869	9516	2489	6397	275	74	7379	74128	35958	17440	7115	5908	21182	10161	37247	23941	4761	2617	645	11336	13054	939	90	3938	7345	17873	401	3140	6723	293473	100281	3746	4055	6782	260	360	180	5482	11555	9223	6470	3588	22170	8033	4765	22191	695612	1290	1971	221	6546	1783	928615	25440	12258	1345	36023	16979	10718	1379	1202	308	91130	1361	5262	9441	9840	2981	3368	345	1124	2201	13726	172608	9502	29450	2170	20233	23609	3795	12817	124	3366	7372	2032	977	319186	1964	2784	4877	562	482	20359	15754	37494	67147	35591	439	19930	7751	509	39529	4335	7507	3679	11084	532	47094	1040	6616	16630	995	28971	1345	19714	6171	861	13597	32402	5721	12685	13016	1147	778	356	3688	7640	20076	3389	1377	525	37749	659	19526	4485	2	5172	1506	13760	9058	4	16766	9756	2205	1231	17772	470	66	4280	1502	38053	7599	23538	12376	34832	3182	1324	17875	1681	1233	71	522	7483	7743	51353	19449	31009	32066	3313	4863	187	1886	2901	6334	30728	55348	14	48	3775	300	3180	12122	977	1115	2738	1028	888	110250	12006	620	1143	1026	6236	1358	9404	6002	12287	137770	906	2323	15509	25549	27898	224	3082	7268	3070	8291	8050	208	2797	50047	5366	5509	77387	5769	657	10328	830	1587	6116	11087	653	11	28	4709	3372	25358	140	4862	3977	1528	5430	34479	2023	73	9	3011	3845	2140	9758	83809	811940	5571	21052	5396	2435	4031	651	2416	4744	1182	682	179	66024	109879	22624	615	10331	1278	30532	3850	21	1808	1100	21366	2193	149	11433	746	9202	4510	2761	1811	22476	6715	8190	2198	14880	7456	26218	2807	2195	6144	21517	24927	9865	44833	1137	11795	11499	56293	106428	1245	1700	45230	1089	3781	37212	764	17426	120694	20055	688	1744	7418	16336	1226	11679	4048	425	3933	7254	24169	146754	2695	1615	29333	32185	4799	169594	10426	3903	31226	674	11334	5149	64795	12701	28738	15782	24386	2735	4637	3269	106093	9827	2837	1188	3396	5124	263776	6059	35562	8792	49402	19315	9709	8206	34999	1829	7684	30399	765	43774	91504	7339	8046	39492	1333	2103	12326	36593	26	4570	3182	14036	920	299160	11568	13273	17027	13974	3321	1026	5952	1667	25241	723	686	9529	15563	3769	280	665	5923	1416	1691	9777	4008	1113	29236	2293	1970	9223	8250	1506	23074	5001	3717	9303	2378	17200	81817	4192	4000	19587	8044	1268	3524	8697	139	61	125049	7504	57050	737	132360	8453	679	5595	794	3774	33860	344	35101	20953	1685	1297	259419	1470	5744	12589	22235	39	690	1050	2748	37669	79331	18501	92591	71725	62724	30793	46598	61656	59630	31292	25688	15808	407	2783	33981	49	93	27900	4406	13219	4371	16700	26019	27395	24468	74	5630	16984	49511	10001	118	7954	63597	4603	223648	60570	5990	9055	21538	13834	7433	1006	12740	11571	118	4735	16394	11600	12038	262	83545	58445	40423	10368	28341	7329	10774	68916	24809	13036	1263	22047	20863	22955	28823	163887	42	94592	498312	38805	28379	2670	1027	1038	2678	14491	6997	5894	25984	146476	73	12166	44757	119825	17539	5481	3608	112395	120877	55655	80109	3079	4834	46646	858	65	6972	12956	37060	77095	59447	22755	24163	52473	145	20811	5605	1421	3250	60449	1875	1177	52155	15	603884	7718	909	9959	93	279931	1271	27991	18005	17589	80836	25204	13083	25371	12086	68890	269	7955	28740	59757	1006	6703	102	101713	7275	752	738	89	87547	103	76996	22258	17375	4131	57730	6656	166897	15970	7058	10493	34	125659	1414	1328	3850	7661	107276	5851	788	13234	3040	178	198294	58273	33386	172295	10776	3811	478	7532	47113	5818	79675	177	23859	9945	12674	65	11519	1686	553733	1374	2354	18238	3570	50297	10885	10239	5259	38200	2837	30579	140	379199	139351	23706	565	41781	70048	21605	4182	88574	7961	2658	411792	42015	24884	3347	35636	18793	25401	8834	56037	3837	30278	3226	639	11194	319285	5025	2390	17364	719	2541	36254	88352	41515	3440	300678	8822	471534	19910	19138	35355	37932	3517	10153	2192	11131	2116	30755	40626	26410	24566	97645	4484	2154	12532	82930	11001	17192	4157	136733	8424	2286	25466	3014	12289	966	12768	25276	44613	339	26418	302859	122362	7063	3165	85563	7071	8967	453	11012	837	31046	67285	2164	16809	17153	13694	78083	2044	6515	9688	23637	386	5901	53286	3058	729	161942	287613	147	160	13758	5221	1947	4004	6098	6097	40645	20330	14906	32630	63470	4533	5561	1553	1275	4721	107566	11419	4530	3315	28852	5074	22152	14883	1309	16690	7127	23180	7474	31749	6649	1229	18863	6936	39177	22131	14229	3055	1075	265	35121	670	99478	1511	10496	15015	49458	20738	44044	9517	36	1544	8978	110227	1594304	4152	17666	6424	18229	3670	60	13177	7062	19526	3258	4687	3205	204047	985572	11017	11283	6501	68482
Eukaryota	Colponemidia	0	0	0	0	0	0	0	0	0	0	0	0	0	0	0	0	0	0	0	0	0	0	0	0	0	0	0	0	0	0	0	0	0	0	0	0	0	0	0	0	0	0	0	0	0	0	0	0	0	0	0	0	0	0	0	0	0	0	0	0	0	0	0	0	0	0	0	0	0	0	0	0	0	0	0	0	0	0	0	0	0	0	0	0	0	0	0	0	0	0	0	0	0	0	0	0	0	0	0	0	0	0	0	0	0	0	0	0	0	0	0	0	0	0	0	0	0	0	0	0	0	0	0	0	0	0	0	0	0	0	0	0	0	0	0	0	0	0	0	0	0	0	0	0	0	0	0	0	0	0	0	0	0	0	0	0	0	0	0	0	0	0	0	0	0	0	0	0	0	0	0	0	0	0	0	0	0	0	0	0	0	0	0	0	0	0	0	0	0	0	0	0	0	0	0	0	0	0	0	0	0	0	0	0	0	0	0	0	0	0	0	0	0	0	0	0	0	0	0	0	0	0	0	0	0	0	0	0	0	0	0	0	0	0	0	0	0	0	0	0	0	0	0	0	0	0	0	0	0	0	0	0	0	0	0	0	0	0	0	0	0	0	0	0	0	0	0	0	0	0	0	0	0	0	0	0	0	0	0	0	0	0	0	0	0	0	0	0	0	0	0	0	0	0	0	0	0	0	0	0	0	0	0	0	0	0	0	0	0	0	0	0	0	0	0	0	0	0	0	0	0	0	0	0	0	0	0	0	0	0	0	0	0	0	0	0	0	0	0	0	0	0	0	0	0	0	0	0	0	0	0	0	0	0	0	0	0	0	0	0	0	0	0	0	0	0	0	0	0	0	0	0	0	0	0	0	0	0	0	0	0	0	0	0	0	0	0	0	0	0	0	0	0	0	0	0	0	0	0	0	0	0	0	0	0	0	0	0	0	0	0	0	0	0	0	0	0	0	0	0	0	0	0	0	0	0	0	0	0	0	0	0	0	0	0	0	0	0	0	0	0	0	0	0	0	0	0	0	0	0	0	0	0	0	0	0	0	0	0	0	0	0	0	0	0	0	0	0	0	0	0	0	0	0	0	0	0	0	0	0	0	0	0	0	0	0	0	0	0	0	0	0	0	0	0	0	0	0	0	0	0	0	0	0	0	0	0	0	0	0	0	0	0	0	0	0	0	0	0	0	0	0	0	0	0	0	0	0	0	0	0	0	0	0	0	0	0	0	0	0	0	0	0	0	0	0	0	0	0	0	0	0	0	0	0	0	0	0	0	0	0	0	0	0	0	0	0	0	0	0	0	0	0	0	0	0	0	0	0	0	0	0	0	0	0	0	0	0	0	0	0	0	0	0	0	0	0	0	0	0	0	0	0	0	0	0	0	0	0	0	0	0	0	0	0	0	0	0	0	0	0	0	0	0	0	0	0	0	0	0	1	1	0	0	0	0	0	0	0	0	0	0	0	0	0	0	0	0	0	0	0	0	0	0	0	0	0	0	0	0	0	0	0	0	0	0	0	0	0	0	0	0	0	0	0	0	0	0	0	0	0	0	0	0	0	0	0	0	0	0	0	0	0	0	0	0	0	0	0	0	0	0	0	0	0	0	0	0	0	0	0	0	0	0	0	0	0	0	0	0	0	0	0	0	0	0	0	0	0	0	0	0	0	0	0	0	0	0	0	0	0	0	0	0	0	0	0	0	0	0	0	0	0	0	0	0	0	0	0	0	0	0	0	0	0	0	0	0	0	0	0	0	0	0	0	0	0	0	0	0	0	0	0	0	0	0	0	0	0	0	0	0	1	0	0	0	0	0	0	0	0	0	0	0	0	0	0	0	0	0	0	0	0	0	0	0	0	0	0	0	0	0	0	0	0	0	0	0	0	0	0	0	0	0	0	0	0	0	0	0	0	0	0	0	0	0	0	0	0	0	0	0	0	0	0	0	0	0	0	0	0	0	0	0	0	0	0	0	0	0	0	0	0	0	0	0	0	0	0	0	0	0	0	0	0	1	0	0	0	0	0	0	0	0	0	0	0	0	0	0	0	0	0	0	0	0	0	0	0	0	0	0	0	0	0	0	0	0	0	0	0	0	0	0	0	0	0	0	0	0	0	0	0	0	0	1	0	0	0	0	0	0	0	0	0	0	0	0	0	0	0	0	0	0	0	0	0	0	0	0	0	0	0	0	0	0	0	0	0	0	0	0	0	0	0	0	0	0	0	0	1	0	0	0	0	0	0	0	0	0	0	0	0	0	0	0	0	0	0	0	0	0	0	0	0	0	0	0	0	0	0	0	0	0	0	0	0	0	0	0	0	0	0	0	0	0	0	0	0	0	0	0	0	0	0	0	0	0	0	0	0	0	0	0	0	0	0	0	0	0	0	0	0	0	0	0	0	0	0	0	0	0	0	1	0	0	0	0	0	0	0	0	0	0	0	0	0	0	0	0	0	0	3	0	0	0	0	0	0	0	0	0	0	0	0	0	0	0	0	0	0	0	0	0	0	0	0	0	0	1	0	0	0	0	0	0	0	0	0	0	0	0	0	0	0	0	0	0	0	0	0	0	0	0	0	0	0	0	0	0	0	0	0	0	0	0	0	0	0	0	0	0	0	0	0	0	0	0	0	0	0	0	0	0	0	0	0	0	0
Eukaryota	Cryptomycota	1	263	23	1	0	9	11	0	2	28	17	46	6	5	30	1	5	2	9	16	31	24	16	3	2	7	6	5	1	2	2	2	1	2	15	24	10	26	17	25	1	84	14	24	9	8	450	10	2	13	2	2	11	31	5	1	4	42	22	38	15	1	30	22	22	3	18	30	5	14	40	1	14	0	7	8	59	16	16	104	9	49	4	0	24	2	18	112	269	6	6	4	79	29	1	52	23	1	115	0	40	43	4	1	0	75	25	5	19	12	8	82	16	8	27	8	14	34	41	14	7	8	9	11	1	4	179	4	4	72	66	1	1	76	14	5	14	11	0	192	9	2	0	0	32	22	1	5	12	0	58	15	8	22	7	6	6	3	10	4	7	2	3	8	2	1	9	13	0	57	6	70	5	6	1	8	8	10	1	33	0	0	9	315	23	2	13	0	0	14	2	16	8	10	2	7	0	8	528	3	45	21	42	9	19	3	5	31	5	6	5	24	11	17	8	5	0	0	3	91	1	44	153	11	88	5	1	95	11	255	8	42	48	11	28	236	3	1	4	1	1	19	39	8	0	1	0	2	4	2	6	12	0	2	89	14	8	6	29	4	11	6	118	7	23	86	39	35	3	3	4	3	5	2	2	25	2	2	0	278	26	41	20	11	12	8	3	30	63	9	898	31	11	12	22	1	30	402	604	938	72	309	72	3	11	9	1	0	11	48	107	8	17	45	8	2	8	24	58	0	4	12	7	15	19	9	13	53	1	0	3	2	3	0	286	21	185	7	9	2879	4	3	4	24	0	34	31	184	111	14	1	1	2	9	66	6	456	17	51	60	7	8	13	1	16	8	7	30	16	5	22	7	3	17	28	3	54	21	68	8	50	6	10	23	5	10	4	1	1	0	17	8	9	9	5	0	4	51	5	0	5	9	0	2	7	7	6	9	0	3	10	0	3	55	2	4	3	20	6	0	3	26	15	4	69	4	3	22	1	15	4	81	33	3	5	5	1	3	12	58	14	2	3	1	12	2	0	34	0	41	68	26	9	1	62	18	91	92	7	14	3	33	65	26	4	76	14	19	82	1	1	13	50	43	8	1	5	32	6	4	111	9	0	0	0	10	1	1	14	0	5	0	517	6	2	5	0	1	22	3	17	6	16	0	154	5	1	6	1	27	1	55	48	0	11	52	7	0	3	3	4	19	5	5	20	37	21	10	45	2	159	19	12	10	40	1	1	6	9	35	20	1	9	9	1	127	13	7	3	0	0	0	14	299	23	17	68	2	121	5	10	6	1	60	27	77	29	140	2	680	137	77	27	5	13	3	14	22	22	12	33	19	2	1	18	26	43	4	9	120	56	44	11	38	0	1	6	29	8	54	35	145	127	7	11	8	175	1	12	67	19	3	0	19	22	40	0	301	41	414	3	0	42	4	38	3	1	12	8	1	23	1805	3	306	210	1	36	144	105	2	119	122	0	22	60	316	39	43	102	14	0	93	67	36	55	0	2	15	4	13	78	35	4	23	32	26	11	25	14	98	33	22	181	5	42	6	8	9	22	70	6	2	17	15	9	16	27	17	94	13	6	15	173	23	8	35	0	6	15	4	24	8	31	2	5	3	53	18	32	24	145	3	2	34	195	3	66	19	21	7	11	13	2	82	12	58	45	99	79	26	6	63	4	14	6	0	85	4	20	36	21	12	1	36	1	2	33	17	70	28	114	70	23	396	8	3	45	10	11	0	19	1556	7	19	43	83	309	0	73	25	13	6	18	4	115	0	2	15	427	9	9	37	15	4	14	7	19	47	42	9	18	93	9	1	7	31	17	23	24	1	0	31	1	12	4	1	25	108	15	29	0	43	121	0	3	20	4	1	80	6	43	30	15	5	195	0	15	6	0	34	164	0	30	1	22	38	85	2762	1	185	7	89	1	13	716	29	32	0	4	9	2	18	23	158	12	28	66	5	9	3949	0	10	45	23	2	22	27	172	2	9	0	0	245	6	1	5	96	249	0	11	72	1	41	5	3	199	7	4	24	122	10094	1	11	0	0	73	23	10	4657	3933	10	26	0	10	99	8	183	52	11	8	7	2	2	32	3	0	4	3	252	256	20	98	11	15	17	17	39	2	0	2	5	8	1	34	1	225	45	4	173	3	2	0	96	7	11	0	15	0	2	36	103	0	0	11	58	11	11	20	17	22	1	5	30	10	181	4	5	1	80	3	17	17	0	0	6	1	1	3	22	0	62	309	25	0	42	8	433	8	162	30	260	4	369	1	0	15	0	45	10	0	1	85	98	351	25	63	0	15	2	7	35	13	12	55	1	2	17	127	2	0	0	10	10	13	0	36	5	16	3	0	2	1	15	124	19	7	16	2	16	22	127	982	2	0	180	2	83	1	56	19	62	82	7	170	1	63	15	0	2	4	11	32	50	269	0	9	79	356	70	556	2	17	8	0	5	5775	10	33	3	4	44	5	86	624	240	1	6	0	0	2	205	23	58	2	0	1	97	22	27	19	2	45	27	0	54	42	16	32	187	28	3	34	8	8	496	226	83	35	8	6	15	4	10	1	26	8	28	3	33	7	5	25	3	6	0	0	3	39	16	26	2	17	12	267	0	2	0	291	21	9	1	8	12	20	106	41	3	34	85	15	1	129	54	68	5	174	9	2	0
Eukaryota	Ctenophora	1	1935	107	1552	75	7	54	9	9	19	104	14	83	3	1087	12	3	18	147	280	7	20597	72	91	129	1	28	21	17	31	0	43	1	42	36	28	8	143	53	29	13	8	324	5	419	51	948	36	2	26	27	13	510	42	2	14	0	12746	255	33	3	21	491	3	129	33	37	930	78	3	12	40	0	521	22	3	32	189	745	2	256	239	16	4	10723	9	14	59	27	0	240	125	69	237	5	117	554	45	69	10	3391	28	41	97	134	1344	118	11	378	29	63	8	23	38	21	42	1	833	54	0	135	18	4	23	0	30	272	1	120	64	222	3278	573	50	1	120	108	148	1	9	6	13	322	3	44	480	1	0	8	268	7021	9	3	9	23	1	7	8	3	62	8	3	181	61	7	0	2951	31	6	21	25	30	4	2089	39	10	2	3148	11	9	10	0	83	536	70	1	0	25	945	127	39	27	51	5	1261	13	1779	27	157	71	226	985	191	48	22	55	27	150	24	347	0	640	1593	9005	519	28	2	10	6	67	9	188	49	1133	10	9	218	1039	842	38	14	413	586	6	20	38	7	9	2258	6	14	469	2235	15	119	1	0	15	262	8	1501	41	6143	31	182	10	84	171	453	120	631	10	208	1364	14	27	561	195	9	29	75	51	25	169	18	16	157	31	16	34	1217	412	5664	32	204	3	2081	69	32	1	141	11	229	129	88	4	84	66	193	75	307	0	59	0	112	110	427	4	2548	2075	79	64	14	19	0	0	10	15	335	10	23	21	1735	2006	485	36	3	215	0	18	2060	51	0	22	2506	1	3	600	420	64	36	11	68	94	60	164	1140	465	124	59	2	80	23	1	183	106	7	0	4	197	23	1555	114	2	6	1	48	274	180	44	1032	84	5	544	355	5267	228	14	10	297	554	62	5	70	23	224	124	33	104	43	85	3	60	3	4	6	102	77	22	0	12	19	6	12	109	6027	2	7	12	25	41	40	217	4631	58	1667	3	11	2	29	8	34	192	190	446	313	23	241	1	16	0	699	326	273	18	11	387	22	35	10	32	33	2	18	7	97	71	369	48	8	20	92	44	0	28	33	2318	1651	36	28	1187	4	63	291	58	5	458	91	469	7933	5	220	57	277	20	504	2088	302	26	204	3782	8	137	16	1	8572	4	7	6	267	2	16	515	16	23	0	0	13	70	40	60	54	13	0	336	148	33	0	6	158	8	132	3416	0	107	91	43	1	16	1	6	20	253	163	92	114	88	8126	52	12	68	1	122	7	10	835	1	51	3	12	2701	1729	7	718	9	9	51	24	125	137	100	18	7	23	39	3866	485	4	2801	21	167	334	0	399	5	21	15	7	0	891	168	69	10589	3	112	100	45	53	602	14	9231	481	412	1	7	131	2859	11	7	1	133	63	4	211	1	1	4	303	736	3368	331	19	360	765	193	26	20	10	2	54	33	2	2	380	219	44403	2	18	1712	139	59	3	19	82	211	11	10	13992	114	2	22	136	1	118	198	7	365	105	747	56	28	52	1	13	1903	36	359	13	358	84	31	314	12	1600	126	58	8	8	398	25	392	3860	26	157	5806	89	123	5097	23	120	427	351	298	13	25	58	3	130	121	712	1066	1085	52	20	861	1	15	18	52	94	4	64	145	4	248	2985	5	51	94	0	47	1758	66	1270	2	261	108	22	95	1215	659	3651	0	154	798	60	1789	165	15	3	36	5	0	165	4	3087	7	946	3677	25	81	5492	72	204	35	0	29072	25	49	1801	68	8	50	116	13	122	523	2336	47	5	3154	2588	183	94	3343	182	1705	198	0	1	3	506	1900	19	1645	884	315	3	14	469	1	13	889	65	5	2	3	177	34	60	40	43	120	113	20	47	80	162	280	890	986	126	69	7	1	261	90	67	335	0	61	75	1772	238	123	6	87	141	410	428	4	904	387	0	3	16	4	446	372	41	580	3	116	33	111	1726	58	10	12	438	766	17	2	1073	48	8	84	989	81	424	65	49	3	733	2672	70	7	118	64	37	323	14	87	1775	6	354	738	10	84	230	0	703	751	4077	11	35	11119	284	1	1507	844	1	656	9	361	81	730	868	2	4	182	9	428	39	47	1231	327	457	123	132	509	508	5	0	0	561	111	674	365	232	383	94	2	28	1067	20	2	300	58	24	1155	75	268	1843	11	1	33	119	25	635	109	946	324	19	48	332	8260	62	9	22	574	529	2	652	3	57	405	12	29	10	4639	0	717	54	673	51	199	4	86	133	74	11	1	67	47	109	2	141	42	70	28	74	29	96	130	83	1	234	1251	76	71	21	0	0	5	10	1509	17	1485	1	2495	1150	1108	2	497	131	2335	20	1291	17	6889	44	149	4771	0	8285	10	63	17	367	4	490	403	2006	15	22	2	7	1633	304	169	2681	1244	588	6	6	211	12	5	0	0	140	10	240	5	8	150	797	0	0	21	0	1656	16	68	4185	511	9	34	77	185	882	1	0	2046	200	53	262	655	120	2672	177	40	612	7	517	821	428	1	1432	6	66	24	1910	3	248	218	209	543	94	506	28	47	16	8	108	975	1	24	22	995	401	113	2131	899	200	467	214	10	263	233	14	246	6	112	7	164	17	113	713	15	221	235	0	718	15	0	60	109	2377	18	309	7017	762	440	652	136	331	29	6	3517	100	33	227	39	43	2467	103	1859	243	311	623	89	7	42	14	58	31	871	10	9	64	248	1694	3	29	3	60	15	74	21	35	118	17	55	10	1	184	54654	882	32	158	138	71942	652	2199	416	5434	745
Eukaryota	Echinodermata	0	59	0	0	0	1	361	0	0	1	0	9	15	0	0	8	41	22	1	32	3	50	0	2	2181	336	1	159	20	33	0	0	100	0	19	0	1783	2	1	4	0	5	36	33	0	1	369	4	0	2	32	1	61	6404	25	0	0	34	1	0	0	15	0	9	3	0	2177	131	165	3	1	0	10	0	4	1	6	5	10	0	16	9	2	0	59	171	4	26	0	68	58	6	1	212	1	1	11	74	2	0	0	0	0	124	0	24	377	0	25	2610	1	484	4	879	0	0	332	0	41	9	1	1	39	79	0	0	3	0	1	3	40	41	0	192	0	76	59	0	0	70	331	36	2	0	148	0	1056	2	9	0	1	0	112	5	0	0	0	14	0	10	0	1	0	0	91	0	12643	4	0	3	40	219	1	156	0	34	259	12	13	2	0	1	1	10	6	0	0	1219	0	0	6543	67	1	89	417	2	0	3889	3	0	179	17277	174	26	2	13	2	1	83	1476	0	325	3	1	860	140	429	1	0	3	46	185	3	4	0	0	0	24	139	1	6	25	23	44	0	41	1	2	0	0	17	25	4	75	0	0	93	6	15	4	0	0	142	0	1	4	2316	1	60	0	1673	1393	4	2	13	1	103	29	0	16	32	2	1	1	3	2	1	1	2	0	0	0	2	1	6	2	312	2	1	0	42	1226	0	400	16	1	2	58	2	285	5	134	74	0	41	2	0	1	4177	3	2	0	335	14	3	1	3	390	162	0	3126	13	2	176	1053	182	0	10	0	218	0	0	0	0	40	12	10	15	17	3	10	0	43	3	98	1	11	1	0	2	39	1	15	0	2	0	0	0	1	1	2	0	110	0	0	1	2761	25	267	5795	17	565	0	1	538	208	1	0	0	0	0	0	12	3488	257	4	0	0	195	18	0	14	0	0	63	0	0	6	1	80	0	93	0	19	1	47	16	7	0	40	49	4	103	4	555	1	1	0	5	34	42	349	0	0	1	204	4	1	42	218	0	1084	1202	0	0	36	455	507	51	63	1	70	503	10	111	114	5	2	370	0	11	722	1	2	921	4	0	24	42	0	11	9	2	14	1	2	24	1	1	0	1	4	1	1	116	2	0	784	333	0	65	7	28	0	266	373	0	10	48	1	864	7	37	0	0	0	0	11	30	0	185	0	149	1	102	1	0	0	0	1	0	805	79	0	7	4	0	2	2	1	1	10	2	3	326	2	0	24	0	0	0	0	1231	443	4	1	0	0	1	1	21	0	0	1	0	5	8	0	0	0	0	2	3	48	0	279	4	2	0	0	2	0	4	40	10	781	69	35	1	22	57	0	0	11	21	0	0	0	1	1	185	0	1	0	4	3	1	2	5	13	13	3	4	4	0	1	0	4	3	1	5	9	6	1	5	112	90	0	2	1	0	0	0	7	1	64	0	77	5	652	0	0	501	0	1	15	0	552	1	1	3	2	2	577	6	19	0	248	0	11	0	3	1	26	2	1563	1	396	2	0	0	152	1	19	36	0	0	626	1	3	6	2	1	1	2	626	0	136	0	0	1	12	1	7	1794	307	3	0	0	10	2	2	9	0	3	5	1294	8	310	0	6	0	4	6	1	7	0	0	311	0	0	3	10	0	5	24	33	1	0	0	2	0	1	1	0	0	0	0	0	4	18	2	0	1	1	1877	2	10	2201	1	0	24	0	0	0	1	16	0	1	0	158	1	15	1	4	0	2	47	6	686	7	0	0	1	2	0	4329	7	0	65	23	38	290	2	9	94	8	0	18	17	0	0	23	0	2	4	0	25	2	0	0	20	1	0	766	3	1	17	57	1	7	2	1	0	1	119	453	587	2	2	3548	400	262	36	566	1	3749	37	6	22	3	53	1	0	2	0	0	15	0	5	0	48	374	4	154	0	3525	6406	0	3	686	0	0	1288	0	2	0	4051	8	0	6	104	0	376	60	59	44	396	8	578	439	8	625	56	224	109	87	0	27	0	0	78	713	1145	0	6	3835	0	38	55	1	0	50	2	35	125	393	417	3	4	18	102	964	63	1083	6	22	106	2	11	0	1	2	0	1	21	2224	1	1	3	10	33	0	0	42	7	18	42	36	0	446	0	1558	29	15	3	6	1	14	191	29	0	1034	0	3	1449	134	177	0	45	42	416	6	19	0	0	44	41	8	0	2112	1	242	1	2	1921	2	278	304	1828	2757	10	0	1	13	2	17	264	26	0	0	15	34	6	3	3	5	1	36	129	0	5	4	0	1	0	0	12	81	0	3	0	998	7	14	169	16	15	26	0	0	8709	4	0	0	2519	3	10	0	239	106	1	3	321	16	85	0	19	7821	238	7	0	15	1	656	1012	0	6	1	0	0	194	3	325	10	0	0	555	4	0	2	0	1903	72	20	5	203	1	3	2	5	1	0	0	6	170	0	0	0	3	16	0	89	6	1	1	435	0	120	0	2	525	37	2	3	304	3	0	48	4	3568	143	2751	2	807	1	89	1	33	15	3	32	0	0	1	0	452	2	675	678	0	15	1	2	0	0	2718	3	1	41	175	54	2	0	132	0	2	90	0	4	6	1	1386	8	10	43	5	26	105	1731	4	10	4103	225	6	17	3	39	69	64	70	1279	32	18	11	0	4295	6	245	62	2395	16	20	3	0	871	0	1	51	435	1	4566	0	5	0	0	0	42	2	121	12	52	18	2874	570	78	6	1	6267
Eukaryota	Entoprocta	0	0	0	0	0	0	0	0	0	0	0	0	0	0	0	0	1	0	0	2	0	0	0	0	2	0	0	0	0	0	0	0	0	0	0	0	0	0	0	0	0	0	0	0	0	0	0	0	0	0	0	0	0	0	3	0	0	0	0	0	0	0	0	0	0	0	154	0	0	0	0	0	0	0	0	0	0	1	0	0	0	5	0	0	1	0	0	0	0	1	1	0	0	3	0	0	0	0	0	0	0	1	0	0	0	0	3	0	0	0	0	3	0	1	0	0	0	0	0	0	3	0	0	4	0	0	0	0	0	0	0	0	0	0	0	0	0	0	0	0	0	0	0	0	1	0	1	0	0	0	0	0	0	0	0	0	0	0	0	3	0	0	0	0	0	0	763	0	0	0	0	0	0	0	0	0	0	0	0	0	0	0	0	0	2	0	0	0	0	0	0	0	0	0	60	0	0	0	0	0	1	225	0	0	0	0	0	0	0	117	0	0	0	0	20	4	0	0	0	0	0	0	0	0	0	0	0	0	0	0	0	0	0	0	0	0	0	0	0	0	0	0	0	1	0	0	0	0	0	0	0	0	0	0	0	0	0	0	0	0	0	0	0	0	0	0	0	0	0	0	4	0	0	0	0	0	0	0	0	0	0	0	0	0	1	0	39	0	0	0	0	0	0	0	0	0	0	0	0	1	0	0	0	0	0	0	0	0	350	0	0	0	3	0	0	0	0	0	1	0	0	0	0	0	8	1	0	0	0	0	0	0	0	0	0	1	0	0	0	0	0	0	0	0	0	0	0	0	0	0	0	0	0	0	0	0	0	0	0	0	0	0	2	0	0	0	0	0	0	0	0	1	0	0	1	10	0	0	0	0	0	0	0	219	0	0	0	0	1	0	0	0	0	0	0	0	0	0	0	0	0	0	0	0	0	0	0	0	0	0	0	0	0	0	0	0	0	0	0	0	0	1	0	0	0	2	0	0	0	0	0	0	0	0	0	0	0	0	0	0	0	0	0	2	0	8	0	0	0	0	0	0	1	0	0	0	0	0	0	0	0	0	0	0	0	0	0	0	0	0	0	0	0	0	0	0	0	0	0	0	0	0	1	0	0	26	0	1	0	0	0	0	0	0	0	0	0	0	0	0	0	0	0	0	0	0	0	0	0	0	0	0	0	0	0	0	0	0	0	0	0	0	0	0	1	0	0	0	5	0	0	3	0	0	0	0	0	0	0	0	0	0	0	0	0	0	0	0	0	0	0	0	0	6	1	3	0	0	0	0	1	0	0	0	0	38	0	0	0	5	0	0	0	0	0	0	0	0	0	0	0	0	0	0	0	0	0	0	0	0	0	0	0	0	0	0	0	0	0	0	0	0	0	0	0	0	0	0	0	0	0	0	0	0	0	13	0	1	0	1	0	0	22	0	0	0	0	1	0	0	0	0	0	3	0	1	0	0	0	0	0	0	0	0	0	4	0	0	0	0	0	0	0	2	0	0	0	0	0	0	0	0	0	0	0	0	0	9	0	1	0	0	0	0	10	0	0	0	0	0	0	0	0	0	0	1	0	0	0	0	0	0	0	0	0	0	0	0	0	0	0	0	0	0	0	1	0	0	0	0	0	0	0	0	0	0	0	0	0	0	0	0	0	0	0	73	0	0	0	0	0	0	0	0	0	0	0	0	0	0	0	0	0	0	0	0	0	0	0	2	0	0	0	0	0	0	0	0	0	0	0	0	0	0	0	0	0	0	0	0	0	0	0	0	0	0	0	0	0	0	0	0	0	0	0	0	0	0	0	0	0	0	0	0	0	0	0	0	0	0	9	0	1	0	0	0	0	0	0	0	0	0	1	0	0	0	0	0	0	0	0	0	0	0	0	0	0	0	0	0	0	0	0	0	0	0	0	0	0	0	0	0	0	0	0	0	0	0	0	0	0	0	1	0	0	0	0	0	0	0	0	0	0	92	0	0	0	0	0	0	0	0	0	1	0	0	0	0	0	0	0	0	0	0	0	0	0	0	0	0	0	0	0	0	0	0	0	0	0	0	3	0	0	0	0	0	0	1	0	0	0	0	1	0	0	0	0	0	0	0	9	0	3	0	0	41	0	0	0	0	0	0	0	0	0	0	0	0	0	0	34	0	0	0	1	0	1	0	0	3	0	0	0	0	0	0	0	6	0	0	0	0	0	0	0	0	0	0	0	0	0	0	0	0	0	0	0	0	0	0	0	0	0	0	0	0	0	0	0	0	0	1	3	0	0	0	0	0	0	2	0	0	0	0	0	0	0	0	0	0	0	0	0	0	0	0	0	0	0	0	0	0	0	0	0	0	0	2	0	0	0	0	0	0	0	0	10	0	0	0	0	0	0	0	0	0	0	0	0	0	0	0	37	0	0	0	0	0	0	0	0	0	0	0	0	1	0	0	0	0	0	0	1	0	0	0	0	0	0	0	0	0	0	0	0	0	0	0	0	0	0	0	0	0	0	0	0	0	0	0	0	0	0	0	0	0	0	0	0	0	0	0	0	0	0	0	0	0	48	0	0	0	0	0	0	0	0	0	7	0	0	0	0	0	0	0	0	0	0	0	0	0	0	0	0	8	0	0	0	0	0	0	0	0	0	0	0	0	0	0	0	0	0	15	1	0	0	0	1
Eukaryota	Euglenida	1	27	9	1	5	1	10	0	0	0	1	0	62	39	0	0	0	1	0	2	1	2	5	1	1	3	33	90	0	0	0	0	19	0	1	12	0	2	17	2	6	3	10	1	2	1	11	38	42	3	0	7	2	5	11	0	5	1	231	4	36	0	2	1	3	189	13	0	0	106	9	11	0	1	0	5	0	3	33	0	1	7	3	1	72	0	9	13	6	0	49	0	1	1	0	1	0	19	0	0	6	13	0	2	0	94	7	8	4	0	0	0	1	10	2	0	7	0	0	92	0	1	0	1	0	5	4	1	0	5	1	0	4	602	8	2	6	7	0	1	2	0	0	0	7	2	0	2	0	0	5	11	6	4	13	3	0	0	9	44	0	1	0	0	0	0	7	3	0	1	0	228	0	52	0	1	3	15	0	6	0	15	1	0	1	0	4	0	0	0	0	4	255	0	19	3	0	4	1	0	8	10	11	3	5	20	0	3	35	0	1	3	4	1	1	7	0	0	3	9	1	937	19	0	0	0	9	8	3	23	2	298	65	0	2	1	2	1	0	0	0	4	0	0	0	22	2	0	2	4	4	5	2	0	1	112	2	10	23	1	12	1	0	2	4	11	19	6	0	0	0	5	30	0	0	1	0	1	2	11	47	7	678	0	1	10	54	3	3	6	4	5	0	5	1	4	2	0	0	0	0	3	2	0	1	0	0	1	15	12	229	9	0	6	98	2	3	2	113	0	3	1	1	13	24	0	12	0	2	2	0	4	0	0	23	1	4	0	0	20	0	0	0	3	4	41	1	6	15	5	1	0	1	0	21	1	5	1	18	4	21	1	0	0	3	6	1	1	51	0	3	0	0	4	18	10	4	1	4	58	10	3	100	12	2	10	1	0	13	2	89	0	1	0	3	1	0	13	10	1	0	0	0	17	0	0	4	3	0	0	1	0	0	2	1	0	4	1	1	1	1	4	1	0	4	0	1	1	0	14	1	4	0	13	0	8	0	1	2	26	1	0	0	0	7	0	0	0	2	11	4	2	1	0	56	11	0	292	1	5	0	4	0	6	2	4	0	834	249	5	0	0	3	2	4	0	0	18	1	1	0	1	3	1	0	6	6	0	32	0	0	5	31	0	0	7	1	0	1	0	0	0	0	1	4	0	0	12	0	1	10	7	36	0	38	16	29	0	0	1	106	3	14	5	3	36	1	7	5	1	21	4	3	1	2	4	0	35	0	3	30	0	1	67	12	15	64	1	13	0	0	0	3023	19	3	4	1	4	20	1	2	0	3	17	0	36	0	0	1	6	11	34	1	1	72	18	12	4	7	2	110	2	0	1	3	32	4	122	3	1	5	4	0	0	0	3	1	21	17	8	2	16	1	0	15	4	1283	0	4	2	13	2	0	6	13	215	11	24	72	6	42	2	19	3	7	64	21	22	26	6	6	18	2	4	0	7	60	9	29	11	2	46	0	2	0	209	21	0	262	6	0	22	62	1891	11	1	17	1	0	2	7	3	11	1	11	2	3	129	0	1	20	19	17	5	22	6	54	188	4	5	0	0	7	2	255	5	5	3	1	54	0	0	1	85	2	84	0	9	215	0	120	479	10	2	19	15	127	4	6	0	46	0	1	26	11	1	0	193	4	0	3	96	1	5	6	115	49	9	13	6	0	78	2	2	22	0	93	0	11874	10	4	1	4	56	0	1	7	28	22	10	75	20	3	13	136	4	4	4	31	1	0	3	452	10	0	2	2	0	3	85	3	0	844	0	1	9	0	131	11	0	4	2	0	1	7	0	0	6	109	6	0	2	2	19	18	2	14	2	3	1	0	2	12	0	0	1	0	311	38	40	0	1	4	0	0	1	60	1	43	67	6	0	0	3	1	0	2	0	1	1	166	0	0	0	86	18	1	2	0	6	7	13	0	57	1	1	0	0	0	1	0	1	0	2	0	0	11	5	4	7	0	1	0	0	0	1	0	0	189	8	0	2	0	0	7	16	0	6	0	0	15	1	0	0	2	154	0	0	0	1	4	0	5	0	0	145	1	1	0	0	0	1	0	0	2	0	3	2	2	0	2	0	10	7	1	0	1	0	37	0	1	0	7	1	0	0	5	3	0	1	0	0	610	20	0	1	27	0	0	0	3	1	202	0	0	1	1	1	0	0	9	32	0	0	3	0	1	10	0	3	1	0	65	3	4	0	21	2	2	0	0	2	0	0	0	1	0	0	0	0	4	62	0	1	19	4	3	0	0	172	2	1	20	9	0	0	7	1	0	2	0	1	13	20	56	31	0	0	0	18	0	2	144	2	0	1	1	1	6	0	0	2	0	1	0	31	0	33	8	0	13	4	1	0	0	0	0	0	2	0	7	150	1	0	5	0	4	0	2	3	0	5	0	0	4	0	8	9	1	0	5	0	10	4	2	0	3	7	12	25	2	43	9	1	1	0	0	3	47	0	2	0	0	3	0	0	0	0	1	0	43	75	0	20	0	0	3	5	4	20	0	0	0	0	2	0	0	2	7	26	6	1	0	0	32	7	1	17	1	0	2	1	76	0	17	0	3	16	0	2	1	1	0	2	7	0	0	2	0	4	3	155	1	9	1	0	0	2	1	3	0	0	0	30	3	167	5	4	19	0	1	0	102	0	2	15	0	0	1
Eukaryota	Eustigmatophyceae	18	208	995	9	0	0	12	0	1	4	61	8	0	1	65	5	6	0	4	8	12	0	150	1	20	2	19	62	7	0	0	1	8	0	0	167	1	1698	104	2384	6	23	50	8	4046	0	6604	31	20	187	1	2	45	16	1	10	0	4227	0	784	1	9	34	0	1669	3	5	2064	1	2	45	6	3	20	7	40	839	86	80	0	8	1068	0	1	1018	4	1	63	86	3	21	0	1171	56	0	3927	13	4	650	0	5168	0	13	3	2	2460	157	2	4	0	27	2	14	94	19	32	8	14	3287	8	0	61	0	62	0	67	91	0	2	216	2422	0	2	1597	257	0	95	134	1	1	9	6	0	0	3313	0	3	51	0	0	1221	0	29	150	5	0	4	7	0	98	5	1	1033	30	3	8	5	15	1	0	3	1439	3	7	8	16	1	405	7	13	0	33	13	137	322	2	0	1	0	1146	1	5	5	10	7	12	1	143	187	1	2524	50	2420	22	12	2	0	1430	8	18	772	1424	448	547	33	23	0	2	1	1257	2	77	1435	17	1	0	2	1642	1769	618	7	0	2169	0	349	3	0	0	657	1	6	1941	538	15	0	11	0	19	1063	3	88	21	51	2	1740	1	16	19	1530	127	3	3	2068	243	6	736	899	193	1	0	18	1	0	0	0	2	182	0	0	97	256	90	2	3	0	0	1	31	52	201	85	43	2085	72	144	0	203	1	228	3	417	1	0	26	0	12	1	0	11	625	468	7	4	3036	3	7	3	1	6242	4	11	5	2	397	208	0	10	385	0	0	653	60	10	0	335	5	45	7	145	461	0	0	24	2	5	15	3495	1202	407	1413	2	901	2	0	144	1029	87	0	4	2494	0	1309	32	0	8	49	46	20	33	1	3205	13	1	6014	20	2	2385	23	0	265	118	605	59	3	27	13	1029	0	129	0	0	15	31	5	6	0	5	138	6	3	0	12	3	6	3	3	9	186	1	46	1	4	5	874	6	0	1	9	0	0	82	26	0	972	958	0	0	7	7	24	983	8067	19	4	0	16	0	13	29	62	1	2	0	4	248	6	1	1	23	0	33	0	2	15	3701	162	133	3128	26	25	17	0	0	206	15	9	171	134	26	31	0	2	1501	2	9	4	2	626	21	1	1042	6	15	1	0	10	4	24	89	5	2	0	2157	0	0	11	1	7	12	0	109	13	1	1	214	17	6	3	6	1	0	2190	13	0	1	93	3	2	17	42	2	143	197	2338	504	250	980	57	22	0	7	18	1085	34	1	4	3	9	2	62	782	92	12	30	3	4	24	560	0	3	0	26	381	12	974	359	3858	10	63	76	2144	1821	12	15	74	1440	771	442	1	133	346	2	584	67	32	7	140	607	24	100	636	3	2	0	85	119	553	7	96	89	65	259	76	24	0	63	17	37	0	18	4181	0	2069	328	23	4	508	18	71	579	35	16	4	4972	21	444	0	13	10	220	5	26	867	65	196	13	24	873	14	0	1119	104	4	136	2	77	4	30	141	41	72	7	0	96	360	1301	9	11342	78	2	303	799	155	8	290	61	0	35	13	247	3279	171	0	2	27	1608	9	41	6	23	26	377	165	127	843	5	53	4	189	8390	305	7	243	6	271	14	54	71	2850	3	42	112	107	68	1137	58	5	0	2	0	109	70	248	771	28	10	72	650	137	14	29	154	5	87	793	786	89	5	10	87	106	65	11	68	82	322	125	7879	1082	971	983	3	1	0	3	5	31	1	1070	5935	376	15	25	0	16	92	1332	662	45	325	2293	89	6	294	15	2	3643	1417	33	10	237	296	151	1112	17	510	201	0	561	39	1	0	23	815	2	38	659	46	17	406	689	283	989	6	47	534	0	4	1047	17	27	465	1099	24	8	94	2	48	4207	73	3	776	904	7	8	9	50	1036	73	10076	0	1119	129	6	0	3	161	14	84	0	1	1	1312	5	3946	2	2	0	5	2356	1368	1	444	35	33	66	2199	800	1	258	1	0	18	2465	2051	1	7	4	4	5	15	13488	7	1552	8	10	3434	1	0	141	2	121	1	93	53	167	7	4136	0	5156	9	6	1686	25	4301	322	7	25	0	21	3	14	691	15	0	696	141	10	72	3338	398	5	311	0	1	547	0	0	81	137	28	5	0	25	1603	66	236	28	370	1358	143	2	183	3712	1	436	21	87	23	306	42	938	157	21	1	3	203	9	1	0	12	1	2	31	6	29	5531	0	3824	0	70	0	2193	1	1	3815	0	0	5	180	2103	0	11	18	1503	816	137	61	3	59	21	3	0	39	41	90	4	2	5537	0	925	21	0	0	1	2	78	42	9	42	2506	98	15	27	547	114	11746	14	2177	2298	4205	0	95	374	0	69	15	145	103	29	1	599	356	9452	36	106	3	5	7	32	19	655	127	334	0	52	2	8	2	5	0	8	3078	0	0	7645	0	1777	8	2	18	1	621	18	12	14	0	6	45	591	482	232	2	4	60	10	21	0	3080	5	8	5084	15	824	9	4521	3067	4	0	22	0	0	0	498	0	12	19	13	256	158	6	39	0	0	0	87	15	529	234	58	7917	7	83	4744	7029	0	11	0	0	22	54	0	238	5	74	1	12726	98	213	6694	3	773	2760	0	100	9	3	619	432	2220	1	32	10	0	58	446	50	116	14	1	768	0	3	14	54	9	178	26	9	0	8	155	2	6	1	1	2	181	20	108	5	117	155	2938	2	0	0	1	10	122	20	0	1	3957	61	309	1	683	42	22	25	6979	5	947	52	3515	5555	8	18
Eukaryota	Gastrotricha	0	0	1	0	0	0	0	0	0	1	0	0	0	0	0	0	0	0	0	3	0	0	0	0	0	0	0	0	0	0	0	0	0	0	1	9	5	0	1	0	0	3	0	0	0	0	0	1	0	0	0	0	0	2	1	0	0	0	2	1	1	0	0	0	0	0	114	0	1	0	0	0	1	0	0	0	1	0	0	0	1	6	0	0	1	0	1	0	0	0	1	0	0	0	0	0	0	0	0	0	0	2	0	0	1	0	0	0	0	0	1	1	0	0	0	0	0	0	2	18	0	30	0	0	1	0	0	0	0	0	0	0	0	2	1	0	0	0	0	0	0	1	0	1	0	0	0	1	1	0	0	0	4	1	1	0	1	0	2	0	0	0	0	0	0	1	80	0	1	0	1	2	0	0	0	0	0	0	0	2	0	0	0	0	1	0	0	0	0	0	0	0	0	0	0	2	1	0	2	0	0	113	0	0	0	0	0	3	0	0	0	2	1	0	29	1	0	0	0	2	0	3	1	0	0	0	0	0	0	0	0	27	9	0	1	0	0	0	0	0	0	0	1	0	0	0	0	0	0	0	0	0	3	0	0	0	3	0	0	0	300	1	0	0	0	2	0	1	0	0	0	0	4	0	0	3	0	0	0	1	0	0	2	0	1	1	10	0	1	0	0	0	0	5	0	0	0	1	1	0	0	0	0	0	1	0	0	0	0	2	1	1	1	1	14	0	0	1	38	0	1	0	0	0	10	0	1	0	1	0	0	0	0	0	4	1	3	1	0	2	1	0	0	0	0	10	1	745	3	1	0	0	1	0	0	0	1	0	0	0	1	0	0	0	0	1	0	0	0	1	0	0	0	0	0	14	0	0	0	4	1	1	0	204	0	0	0	0	0	0	0	0	0	0	1	0	0	0	0	0	1	0	0	0	1	0	0	0	0	0	0	0	0	0	1	0	1	0	0	0	1	0	0	0	0	0	0	0	1	5	0	44	1	0	2	0	0	0	1	24	1	0	0	1	3	0	0	0	1	8	0	0	0	0	3	0	0	2	1	0	0	0	0	0	1	2	0	4	2	0	0	1	2	0	1	0	0	0	0	0	0	0	0	0	0	25	0	0	16	0	0	0	0	0	0	0	0	0	1	0	2	0	0	0	0	0	0	0	0	1	0	0	0	5	1	0	0	0	0	0	0	0	0	5	1	0	0	1	0	0	0	0	0	3	0	0	0	0	1	0	1	0	0	1	0	0	1	2	0	0	0	1	52	750	1	1	0	0	0	0	3	0	0	0	0	8	0	0	0	1	0	3	1	0	0	0	1	0	0	4	1	6	0	0	0	6	0	14	1	0	1	0	0	0	0	0	0	0	0	0	0	0	2	0	1	1	0	0	1	0	1	0	0	7	0	1	0	877	0	0	0	0	3	0	10	0	0	0	0	0	0	3	0	0	0	1	0	0	2	0	1	0	0	0	1	44	0	0	2	1	0	0	19	2	1	0	0	2	0	0	1	3	0	1	121	0	0	0	4	0	0	1	0	0	125	0	1	0	0	0	1	0	13	0	16	0	2	1	1	1	0	0	3	0	0	1	0	0	0	1	0	0	12	0	0	0	0	3	2	0	6	0	0	0	54	0	0	2	0	0	0	0	0	1	3	4	15	1	0	1	0	0	0	1	0	0	2	0	35	3	0	2	0	0	0	0	1	2	0	61	0	1	0	0	3	0	24	1	1	1	0	1	1	0	1	1	3	0	6	0	0	0	3	0	1	0	0	0	1	0	1	1	0	0	0	2	0	0	1	1	0	7	0	0	0	0	0	0	0	0	0	40	0	2	0	0	0	1	0	0	0	0	0	0	0	0	0	0	0	0	9	0	0	0	0	0	0	0	0	0	4	0	4	0	0	0	2	1	0	1	0	4	0	0	0	0	0	0	0	0	0	1	1	0	0	0	0	0	0	0	0	0	1	1	0	1	0	1	0	0	0	2	0	0	0	0	0	0	0	0	1	0	1	0	0	5	0	0	0	0	10	0	0	0	0	3	0	0	1	4	0	0	0	0	0	1	4	0	0	0	0	0	13	0	0	7	0	0	1	2	1	0	1	0	0	0	0	0	0	0	0	0	0	3	0	0	4	0	2	0	1	0	3	0	0	0	0	0	0	0	0	0	0	0	0	0	1	52	4	0	0	0	11	0	1	0	29	0	1	0	0	0	0	0	0	0	0	1	1	0	0	0	0	0	0	0	4	0	0	0	0	0	15	0	0	0	0	0	0	0	0	1	0	1	0	6	0	0	0	0	0	0	0	0	0	0	1	0	0	0	0	0	0	0	0	0	2	2	0	1	0	0	0	2	0	0	14	13	0	0	0	3	0	0	1	0	0	0	0	0	2	0	0	0	0	2	0	0	0	0	0	0	3	0	0	0	1	1	0	1	0	1	0	0	0	0	0	0	0	1	0	1	0	1	0	0	0	0	0	0	0	0	0	0	0	0	5	0	0	0	1	0	1	0	0	0	0	0	0	0	0	12	0	0	2	2	0	0	0	0	0	0	0	0	2	0	0	0	0	0	0	2	0	0	0	0	0	0	1	0	0	0	1	1	1	0	0	4	3	0	1	0	0	0	1	3	0	1	189	1	0	4	2	0	0	0	0	1	0
Eukaryota	Gnathostomulida	0	0	0	0	0	0	0	0	0	0	0	0	0	0	0	0	0	0	0	0	0	0	0	0	0	0	0	0	0	0	0	0	0	0	0	0	0	0	0	0	0	0	0	0	0	0	0	0	0	0	0	0	0	0	0	0	0	0	0	0	0	0	0	0	0	0	0	0	0	0	0	0	0	0	0	0	0	0	0	0	0	0	0	0	0	0	0	0	0	0	0	0	0	0	0	0	0	0	0	0	0	0	0	0	0	0	0	0	0	0	0	0	0	0	0	0	0	0	0	0	0	0	0	0	0	0	0	0	0	0	0	0	0	0	0	0	0	0	0	0	0	0	0	0	0	0	0	0	0	0	0	0	0	0	0	0	0	0	0	0	0	0	0	0	0	0	0	0	0	0	0	0	0	0	0	0	0	0	0	0	0	0	0	0	0	0	0	0	0	0	0	0	0	0	0	0	0	0	0	0	0	0	0	0	0	0	0	0	0	0	0	0	0	0	0	0	0	0	0	0	0	0	0	0	0	0	0	0	0	0	0	0	0	0	0	0	0	0	0	0	0	0	0	0	0	0	0	0	0	0	0	0	0	0	0	0	0	0	0	0	0	0	0	0	0	0	0	0	0	0	0	0	0	0	0	0	0	0	0	0	0	0	0	0	0	0	0	0	0	0	0	0	0	0	0	0	0	0	0	0	0	0	0	0	0	0	0	0	0	0	0	0	0	0	0	0	0	0	0	0	0	0	0	0	0	0	0	0	0	0	0	0	0	0	0	0	0	0	0	0	0	0	0	0	0	0	0	0	0	0	0	0	0	0	0	0	0	0	0	0	0	0	0	0	0	0	0	0	0	0	0	0	0	0	0	0	0	0	0	0	0	0	0	0	0	0	0	0	0	0	0	0	0	0	0	0	0	0	0	0	0	0	0	0	0	0	0	0	0	0	0	0	0	0	0	0	0	0	0	0	0	0	0	0	0	0	0	0	0	0	0	0	0	0	0	0	0	0	0	0	0	0	0	0	0	0	0	0	0	0	0	0	0	0	0	0	0	0	0	0	0	0	0	0	0	0	0	0	0	0	0	0	0	0	0	0	0	0	0	0	0	0	0	0	0	0	0	0	0	0	0	0	0	0	0	0	0	0	0	0	0	0	0	0	0	0	0	0	0	0	0	0	0	0	0	0	0	0	0	0	0	0	0	0	0	0	0	0	0	0	0	0	0	0	0	0	0	0	0	0	0	0	0	0	0	0	0	0	0	0	0	0	0	0	0	0	0	0	0	0	0	0	0	0	0	0	0	0	0	0	0	0	0	0	0	0	0	0	0	0	0	0	0	0	0	0	0	0	0	0	0	0	0	0	0	0	0	0	0	0	0	3	0	0	0	0	0	0	0	0	0	0	0	0	0	0	0	0	0	0	0	0	0	0	0	0	0	0	0	0	0	0	0	0	0	0	0	0	0	0	0	0	0	0	0	2	0	0	0	0	0	0	0	0	0	0	0	0	0	0	0	0	0	0	0	0	0	0	0	0	0	0	0	0	0	0	0	0	0	0	0	0	0	0	0	0	0	0	0	0	0	0	0	0	0	0	0	0	0	0	0	0	0	0	0	0	0	0	0	0	0	0	0	0	0	0	0	0	0	0	0	0	0	0	0	0	0	0	0	0	0	0	0	0	0	0	0	0	0	0	0	0	0	0	0	0	0	0	0	0	0	0	0	0	0	0	0	0	0	0	0	0	0	0	0	0	0	0	0	0	0	0	0	0	0	0	0	0	0	0	0	0	0	0	0	0	0	0	0	0	0	0	0	0	0	0	0	0	0	0	0	0	0	0	0	0	0	0	0	0	0	0	0	0	0	0	0	0	0	0	0	0	0	0	0	0	0	0	0	0	0	0	0	0	0	0	0	0	0	0	0	0	0	0	0	0	0	0	0	0	0	0	0	0	0	0	0	0	0	0	0	0	0	0	0	0	0	0	0	0	0	0	0	0	0	0	0	0	0	0	0	0	0	0	0	0	0	0	0	0	0	0	0	0	0	0	0	0	0	0	0	0	0	0	0	0	0	0	0	0	0	0	0	0	0	0	0	0	0	0	0	0	0	0	0	0	0	0	0	0	0	0	0	0	0	0	0	0	0	0	0	0	0	0	0	0	0	0	0	0	0	0	0	0	0	0	0	0	0	0	0	0	0	0	0	0	0	0	0	0	0	0	0	0	0	0	0	0	0	0	0	0	0	0	0	0	0	0	0	0	0	0	0	0	0	0	0	0	0	0	0	0	0	0	0	0	0	0	0	0	0	0	0	0	0	0	0	0	0	0	0	0	0	0	0	0	0	0	0	0	0	0	0	0	0	0	0	0	0	0	0	0	0	0	0	0	0	0	0	0	0	0	0	0	0	0	0	0	0	0	0	0	0	0	0	0	0	0	0	0	0	0	0	0	0	0	0	0	0	0	0	0	0	0	0	0	0	0	0	0	0	0	0	0	0	0	0	0	0	0	0	0	0	0	0	0	0	0	0	0	0	0	0	0	0	0	0	0	0	0	0	0	0	0	0	0	0	0	0	0	0	0	0	0	0	0	0	0	0	0	0	0	0	0	0	0	0	0	0	0	0	0	0	0	0	0	0	0	0	0	0	0	0	0	0	0	0	0	0
Eukaryota	Haplosporidia	0	61	12	2	0	3	0	0	0	0	0	1	0	17	0	0	1	0	0	1	2	4	2	0	0	0	3	0	1	1	2	0	23	0	1	22	1	3	22	25	0	17	4	4	5	0	11	7	3	5	0	1	0	2	9	0	5	45	9	9	7	0	0	1	5	45	4	2	0	22	67	8	2	0	5	5	5	6	5	0	0	19	6	1	14	0	47	50	24	0	2	0	38	2	0	8	2	0	3	0	7	7	0	1	0	222	1	5	5	1	4	3	1	20	9	1	2	2	19	66	1	5	1	1	0	7	26	0	0	15	4	0	0	720	1	0	14	3	0	0	0	2	0	1	30	0	0	4	7	0	27	5	15	13	4	0	1	0	31	11	0	2	0	1	3	1	2	0	0	0	0	443	0	5	0	3	0	6	0	22	0	5	0	63	6	0	0	0	0	0	2	0	13	2	5	0	0	1	17	0	21	1	19	1	0	2	1	12	1	1	0	15	10	4	1	0	1	0	1	15	0	18	48	1	0	0	0	37	1	40	0	29	35	1	7	1	6	0	0	0	1	11	35	0	0	1	0	1	1	2	1	15	0	0	0	19	2	12	0	2	0	1	4	15	3	22	19	18	0	0	0	0	7	0	0	3	9	0	0	15	18	18	1	0	2	1	3	0	35	6	19	9	4	0	1	4	11	1	17	1	4	5	3	0	5	0	0	0	4	40	7	1	1	26	181	0	0	3	28	1	4	1	0	4	1	3	30	13	0	0	0	24	1	0	7	1	22	0	0	71	0	0	3	0	8	16	11	8	53	0	0	5	0	3	12	3	13	2	2	5	3	14	1	0	24	6	1	1	5	0	4	1	3	19	0	3	0	15	1	31	28	7	10	2	2	20	2	1	25	0	10	0	1	1	0	5	0	13	17	1	0	0	0	0	0	0	12	14	0	1	1	0	0	8	2	0	2	3	1	1	2	0	2	1	4	0	0	2	1	20	0	1	6	0	1	8	0	0	2	102	2	0	0	0	8	0	0	1	233	46	41	3	0	0	17	11	0	537	0	6	0	2	3	9	1	9	0	1	2	6	2	0	3	2	4	0	0	5	4	0	4	0	4	2	0	1	3	0	41	0	0	0	21	0	0	2	1	0	7	0	0	2	1	3	3	0	0	3	0	0	29	6	36	0	78	2475	158	0	1	231	2	5	7	12	3	9	2	64	25	39	4	5	2	3	0	0	0	6	0	7	3	7	4	104	1	2	10	1	32	1	0	1	34292	25	6	18	2	0	10	0	1	0	0	5	0	144	4	3	0	87	16	39	34	1	3	5	10	9	22	6	15	1	0	2	5	13	27	1	5	4	12	7	0	63	1	0	10	188	14	67	2	16	18	11	7	1	0	0	17	1	11	0	0	15	1	67	0	23	2	3	4	2	84	2	11	1	0	7	16	3	10	51	5	7	2	1	0	7	7	0	7	11	0	2	5	37	19	3	33	6	1	17	13	20	1	3	43	7	0	13	3	3	13	4	0	5	7	5	12	5	6	5	6	4	72	3	107	67	6	5	1	8	8	5	0	8	7	3	5	99	0	6	6	98	2	9	0	32	22	0	5	19	16	1	261	6	4	9	41	7	15	0	2	4	24	1	0	64	15	1	4	99	55	34	26	57	9	5	28	7	4	37	3	4	19	0	4	29	9101	28	4	10	1	2	1	5	6	8	38	21	8	13	5	16	16	338	4	2	0	0	0	23	10	12	6	4	11	0	14	24	2	0	26	2	4	0	1	6	27	0	11	11	1	8	9	1	45	4	239	16	6	5	0	1	63	4	8	4	1	6	3	2	1	0	0	12	0	26	0	4	1	7	0	0	0	0	0	0	18	4	5	0	5	0	9	0	0	0	0	2	29	0	4	0	5	3	17	6	0	14	0	11	0	1	5	0	1	0	0	6	0	19	1	6	1	5	28	0	0	15	0	0	0	1	0	0	0	11	3	3	1	5	20	0	2	3	0	10	0	2	3	2	3	0	0	43	1	3	0	6	18	0	2	0	0	6	0	0	2	6	1	0	0	0	2	1	6	0	3	1	0	0	0	1	0	0	1	2	28	1	0	0	2	0	0	0	19	0	0	0	0	0	540	4	0	1	8	0	16	0	0	0	79	0	0	1	1	1	0	0	3	0	0	0	2	2	4	29	4	1	0	1	4	0	0	1	71	0	4	0	17	6	0	0	0	0	1	4	0	0	1	5	0	0	1	5	58	0	15	7	5	0	5	2	0	0	4	2	1	1	0	11	4	7	2	15	0	1	0	188	0	2	5	4	0	2	4	2	0	0	0	1	0	0	0	11	0	31	0	0	10	1	0	1	0	1	1	29	1	14	10	14	0	0	5	0	0	0	25	1	0	54	2	4	4	2	3	42	0	0	0	0	5	0	1	0	3	10	170	14	0	2	1	0	25	4	0	7	0	4	1	0	1	0	15	0	7	0	0	1	201	1	0	14	0	0	7	4	0	0	0	12	1	0	11	2	0	41	5	7	2	86	0	0	37	6	201	8	0	0	21	3	0	0	20	0	9	68	0	0	0	1	8	0	2	0	0	39	18	7	1	7	3	16	1	0	0	5	0	5	0	0	1	5	7	9	3	3	6	0	1	6	9	2	0	5	0	0	2
Eukaryota	Hemichordata	0	19	0	0	5	0	698	0	0	0	0	0	2	0	0	0	6	3	0	1	0	8	0	3	7	81	0	1	1	0	0	0	2	0	0	0	1	0	0	1	0	16	10	0	0	0	1	1	0	0	0	0	7	14328	2	0	0	0	9	0	0	0	0	0	0	0	1333	0	82	0	1	0	0	0	0	0	0	0	1	0	0	0	0	0	0	0	2	0	1	0	0	0	1	169	0	1	3099	0	1	1	0	0	0	0	0	2	88	0	2	736	0	0	0	509	0	0	89	0	12	0	3	1	0	31	0	0	2	0	0	0	0	0	0	0	0	2	1	0	0	0	0	0	1	0	11	0	2	3	0	0	2	1	0	4	0	0	0	0	0	0	0	0	0	0	0	0	4	0	0	0	1	6	0	0	0	1	54	2	0	0	0	0	1	3	0	0	0	0	0	0	19	0	0	2	0	0	0	0	2	0	1	33	1	72	1	0	0	3	0	82	0	0	0	0	7	0	0	1	0	0	0	2619	0	0	0	28	0	0	0	0	2	19	3	0	0	1	0	0	0	0	0	1	0	22	0	0	0	0	0	0	0	0	0	0	0	0	6	0	1	0	11	315	0	1	2	0	0	5	0	0	0	0	4	0	1	1	0	0	0	1	0	0	0	0	0	0	58	0	0	0	4	316	0	42	0	1	0	1	2	0	0	9	0	0	0	0	0	1	0	0	0	0	0	9	0	0	0	0	3	0	4	0	0	0	5	0	0	0	0	0	0	0	1	0	1	0	21	13	0	0	65	0	0	0	0	0	1	2	0	0	0	1	2	0	0	0	0	0	0	0	0	0	90	0	3	0	675	1	26	22	2	0	0	0	1	3	0	0	0	0	0	0	0	2672	46	1	0	0	0	0	1	2	0	0	0	0	0	0	0	1	0	32	0	0	0	34867	0	1	0	0	2	7	0	0	0	1	0	0	0	4	0	3	0	0	0	15	0	0	0	0	0	0	0	0	1	0	1	0	0	8	0	66	1	0	0	0	0	0	0	0	0	962	1	0	349	3	0	1	3	0	2	0	1	2	0	0	3	0	0	0	0	0	0	0	0	0	0	152	0	0	12	0	2	1	0	9	0	0	2	0	218	0	0	0	0	0	0	0	1	0	3	0	0	0	0	0	0	0	0	2	0	99	9	0	0	2	1	0	0	0	0	1	4	0	90	1	0	0	0	0	0	0	0	115	0	0	0	0	2	0	3	0	0	0	0	0	4	0	0	0	0	1	31	30	1	1	2	1	1	0	0	1	0	0	0	3021	0	4	0	16	1	0	0	0	0	0	0	0	8	1	0	0	0	0	1	0	0	0	0	0	1	0	0	0	0	0	0	0	0	3	3	0	0	0	4	0	0	0	0	1	1	0	0	0	0	3	0	53	0	304	0	0	1837	0	0	0	0	184	0	0	1	0	0	231	0	1	0	70	0	0	0	0	0	2	0	7	0	1	0	0	0	0	0	0	0	0	0	165	0	5	0	0	0	0	0	98	0	8	0	7	0	14	130	0	171	0	0	2	0	0	0	0	0	0	5	1	339	0	0	0	1	0	4	4	1	1	0	0	0	0	0	60	0	1	3	0	0	0	0	0	0	0	0	1	1	0	0	1	0	2	0	0	0	0	3	7	1	0	2	1	0	0	0	0	0	0	0	0	10	0	58	0	1	0	0	0	0	4	0	102	13	0	0	1	0	0	1	0	0	3	0	14	180	0	3	30	7	0	9	3	0	0	1	0	0	0	0	0	0	0	0	9	0	0	208	0	0	1	3	0	0	0	0	0	0	0	0	154	0	0	0	0	0	0	0	0	1	4	1	0	0	0	0	0	0	0	0	1	0	0	0	30	5	1	0	0	29	1084	0	4	1	0	0	0	0	0	0	0	0	0	0	1	0	0	3	0	2	1	0	759	0	1	2	0	1	132	0	1	0	0	2	0	6	1012	0	0	1	0	0	1	0	0	0	0	1	1	1	0	0	2	0	0	18	0	0	0	0	3	0	1	0	0	0	0	0	0	10	0	0	0	0	0	0	0	0	0	0	16	0	0	0	0	0	4	0	0	0	0	0	0	1	0	0	0	0	53	1	0	0	0	0	0	0	0	0	0	0	0	1	0	2	0	90	0	0	1	0	0	0	264	0	0	0	1	0	0	1	2	0	1	0	0	0	0	0	0	3	33	0	0	0	0	0	0	0	0	0	0	0	0	0	0	1073	9	1	0	0	0	3	0	0	5	0	0	0	0	0	1	0	0	0	1	1	32	0	0	0	0	0	115	0	0	0	0	45	2	0	6	0	0	0	2	0	29	0	0	0	0	2	0	0	0	1	6	12	1	7440	1	0	2	0	0	0	0	1	0	0	0	0	0	0	0	0	0	0	3	0	0	0	1	0	1183	11	0	0	0	1	1	60	14	0	0	382	0	3	0	0	0	1	0	1	6	0	0	0	0	0	0	0	0	1	0	0	0	0	0	0	0	0	0	2739	0	0	0	0	0	0	4	0	0	0	0	0	0	1	0	0	4	1	0	0	0	239	0	0	1	26	1	2	0	0	40	0	0	0	0	0	0	0	10	2188	0	0	0	0	1	0	0	4	623	0	0	0	0	0	0	0	0	0	2	0	3	376	164	1	0	1	0	1
Eukaryota	Kinorhyncha	0	0	0	0	0	0	0	0	0	0	0	0	0	0	0	0	0	0	0	0	0	0	0	0	0	0	0	0	0	0	0	0	1	0	0	0	0	0	0	0	0	0	0	0	0	0	0	0	0	0	0	1	0	0	0	0	0	0	0	0	0	0	0	0	0	0	0	0	0	0	0	0	1	0	0	0	0	0	0	0	0	0	0	0	0	0	1	0	0	0	0	0	0	0	0	0	0	0	0	0	0	0	0	0	0	0	0	0	2	1	0	0	0	0	0	0	0	0	0	0	1	1	0	0	0	0	0	0	0	0	0	0	0	0	0	0	0	0	0	0	0	1	0	1	0	0	0	0	0	0	0	0	0	0	0	0	0	0	0	2	0	0	0	0	1	1	0	0	0	0	0	0	1	0	0	0	0	0	0	0	0	0	0	0	0	0	0	0	0	0	1	0	0	0	1	0	0	0	0	0	0	2	0	0	0	0	0	0	0	0	0	1	0	0	0	0	0	0	0	0	0	0	0	3	0	0	1	0	0	0	0	0	0	1	0	0	0	0	0	0	0	0	0	0	0	0	1	0	0	0	0	0	0	0	0	0	0	0	0	0	0	0	0	0	2	0	0	0	0	0	0	0	0	0	0	0	0	0	0	0	0	0	0	0	0	0	0	0	0	0	0	1	0	0	0	0	0	0	0	0	0	1	1	0	0	0	0	0	0	0	0	0	1	0	0	0	0	0	0	0	1	0	0	0	0	1	0	0	0	0	0	0	0	0	0	0	1	1	0	0	0	0	0	0	0	0	0	0	0	0	0	0	0	0	0	0	0	0	0	0	0	0	0	0	0	0	0	0	0	1	0	0	0	0	0	4	0	0	0	0	0	0	1	9	2	0	0	0	0	0	0	6	0	0	0	0	0	0	0	0	1	1	0	0	0	1	0	0	0	0	0	0	1	0	1	0	0	0	1	0	0	1	0	0	0	0	0	0	0	0	0	0	0	0	0	0	0	0	8	0	4	0	0	0	0	0	0	0	1	0	0	3	2	0	0	0	0	0	0	0	0	3	0	0	0	0	0	0	0	0	0	5	0	0	0	0	0	0	0	0	0	4	0	0	0	5	0	0	0	0	0	0	0	0	0	0	0	0	0	0	0	0	0	0	0	0	0	0	0	2	0	0	0	0	0	0	0	0	0	0	0	0	0	0	0	0	0	0	0	0	1	0	0	0	0	0	0	0	0	0	0	0	0	1	0	0	0	1	0	0	0	0	0	0	0	0	0	0	0	0	0	0	0	0	0	0	0	0	0	0	0	0	0	0	0	0	0	0	0	0	0	0	0	0	0	0	0	1	0	0	0	0	0	0	0	0	0	0	0	0	0	0	0	0	0	0	0	0	0	0	0	0	0	0	0	0	0	0	0	0	0	0	0	0	0	0	0	0	1	0	0	0	0	0	0	0	0	0	0	0	0	0	0	0	0	0	0	0	0	0	0	0	0	0	0	0	0	0	0	0	0	0	0	0	0	0	0	0	0	0	0	0	0	0	0	0	0	0	0	0	0	0	0	0	0	0	0	0	0	0	0	0	0	1	0	0	0	0	0	0	0	0	0	0	0	0	0	0	0	0	0	0	0	0	0	0	0	0	0	0	0	0	0	0	0	0	0	0	0	0	0	0	0	0	0	0	0	0	0	0	0	0	0	0	0	0	0	0	0	0	0	0	0	1	0	0	0	0	0	0	0	0	0	0	0	0	0	0	0	0	0	11	0	0	0	1	0	1	0	0	0	0	0	0	0	0	0	0	0	0	0	0	0	0	0	0	0	0	0	0	0	1	0	0	0	1	0	0	0	0	0	0	0	0	0	0	0	0	0	0	2	0	0	0	0	0	2	0	0	0	0	0	0	1	0	0	0	0	0	0	0	0	0	0	0	0	0	0	0	0	0	0	2	0	0	0	0	0	4	1	0	0	0	0	0	0	0	0	0	0	0	0	0	0	0	0	0	0	0	0	0	0	0	0	0	0	0	0	0	0	0	0	0	0	0	0	2	0	1	0	1	0	0	0	0	0	0	0	0	0	0	0	0	0	0	0	0	0	0	0	0	0	0	0	0	1	0	0	0	0	0	0	0	0	0	0	0	0	0	0	0	0	0	0	0	0	0	0	0	1	0	0	0	0	0	0	0	0	0	0	0	0	0	0	0	0	0	0	0	0	0	0	0	0	0	0	0	0	0	0	0	0	0	0	0	0	1	0	0	0	0	1	0	0	0	0	0	0	0	0	0	0	0	0	0	0	0	0	0	0	0	0	0	0	0	0	4	0	0	0	0	0	0	0	0	0	4	0	0	0	0	0	0	0	0	0	0	0	0	0	0	0	0	0	0	0	0	0	0	0	0	0	0	0	0	0	0	0	0	0	0	0	0	0	0	0	0	0	0	0	0	0	0	0	0	0	0	0	0	0	0	0	0	0	0	0	0	0	0	0	0	0	0	0	0	0	0	0	0	0	0	0	0	0	0	0	0	0	0	0	0	0	0	0	0	0	0	0	0	0	0	0	0	0	0	0	0	0	0	0	0	2	0	0	0	0	0	1	4	0	0	2	0	0	0	0	0	0	0	0	0	0	0	0	0	0	0	0	0	3	0	0	0	0	0	0	0	0	0
Eukaryota	Microsporidia	0	1	0	0	0	0	0	0	0	0	0	0	0	0	0	0	0	1	0	0	0	0	0	0	1	0	0	0	0	0	0	0	0	0	0	0	0	0	1	0	0	0	0	0	0	0	1	0	0	0	0	0	0	0	0	0	0	0	0	0	0	0	0	0	0	0	0	0	0	0	2	0	0	0	0	0	1	0	0	0	0	0	0	0	4	0	0	0	0	1	0	0	0	0	0	0	0	0	0	0	0	0	0	0	0	0	0	0	0	0	0	0	0	0	0	0	3	0	0	0	0	1	0	0	0	0	1	0	0	0	0	0	0	1	0	0	0	0	0	0	0	0	0	0	0	0	0	0	0	0	0	1	2	0	0	0	0	0	0	2	0	0	0	0	0	0	0	0	0	0	0	1	0	0	0	0	0	0	0	0	0	0	0	0	0	0	0	0	0	0	0	0	0	0	0	0	0	0	0	0	0	0	0	0	0	1	0	0	0	0	1	0	1	0	0	0	1	0	0	1	0	0	0	0	0	0	0	2	0	0	0	0	0	0	0	0	0	0	0	0	0	0	0	0	0	0	1	0	0	0	0	0	0	0	0	0	1	0	0	0	0	0	0	0	0	0	0	1	0	0	0	0	0	0	0	0	0	0	0	0	0	0	0	0	0	0	4	0	1	0	0	0	0	1	0	0	0	0	0	0	1	0	0	0	0	0	0	0	2	0	0	0	0	0	0	0	0	0	1	0	0	1	0	0	0	0	0	2	0	0	0	0	0	0	0	0	1	0	0	0	0	0	0	0	0	0	2	11	0	0	0	0	0	0	0	0	0	0	0	0	0	0	0	0	3	0	0	0	0	0	0	0	0	1	0	0	0	1	0	0	0	0	0	0	0	0	1	0	0	1	0	0	0	0	0	0	0	0	0	0	0	0	0	0	0	0	0	0	0	0	0	0	0	4	0	0	0	0	0	1	0	0	0	0	0	0	0	0	0	0	0	0	0	0	0	0	0	0	0	0	0	0	0	0	0	0	0	0	0	0	0	0	0	0	0	0	0	1	0	1	0	0	0	0	0	0	0	0	0	0	0	0	0	0	0	0	0	0	0	0	0	0	0	0	0	0	0	0	0	0	0	0	0	0	0	0	0	0	0	1	1	0	0	0	0	0	0	0	0	1	0	0	0	0	0	0	0	0	0	0	0	0	0	0	0	0	0	0	0	0	0	1	0	0	0	0	0	0	0	0	1	0	0	0	0	0	0	0	0	0	0	0	0	1	0	0	1	0	0	0	0	0	0	0	0	3	0	0	0	0	0	0	0	0	0	0	0	0	0	0	3	0	0	0	1	0	0	0	0	0	0	0	0	0	0	0	0	0	0	0	0	0	0	0	0	0	0	0	1	0	0	0	0	0	0	0	0	0	0	0	0	0	2	0	0	0	0	0	0	0	0	1	0	0	0	0	0	0	0	0	0	0	0	0	8	3	0	0	0	0	0	1	0	0	1	0	0	0	0	0	0	0	0	0	0	0	0	0	0	0	0	0	0	0	2	0	1	1	0	0	0	0	0	0	0	1	0	0	1	0	0	0	0	0	0	0	0	0	0	0	0	0	0	0	0	0	0	1	0	0	0	0	0	0	2	0	0	1	0	0	0	0	0	0	0	3	0	0	0	0	0	0	0	0	0	0	0	0	0	0	0	0	0	0	0	0	0	0	1	0	0	0	1	0	0	0	0	0	0	0	0	0	0	0	0	0	0	0	0	0	0	0	0	0	0	0	0	0	0	0	0	0	0	0	0	0	0	0	0	0	0	0	0	1	0	0	0	0	0	0	0	0	0	0	0	0	0	4	0	0	0	0	0	0	0	0	0	0	0	0	0	0	0	0	1	0	0	0	0	0	0	0	0	0	0	0	0	0	0	0	0	1	0	0	0	0	0	0	0	0	0	0	0	1	0	0	0	0	0	0	0	0	0	0	0	0	0	0	0	0	0	0	0	0	0	0	0	0	0	0	0	0	1	0	0	0	0	0	0	1	0	0	0	0	0	0	0	0	0	0	0	0	0	0	0	0	0	0	0	0	0	0	0	0	0	0	0	1	1	0	0	0	0	0	0	0	0	0	0	0	0	0	0	0	0	0	1	0	0	0	0	0	0	0	0	0	0	0	0	0	0	0	0	0	0	5	0	0	0	1	0	0	0	0	0	0	0	0	1	0	1	0	0	0	0	0	0	0	0	0	0	0	0	0	0	0	0	0	1	0	0	0	0	0	0	0	0	0	0	0	0	0	1	0	0	0	0	0	0	0	0	1	0	0	0	0	0	0	0	0	0	0	0	0	0	0	0	0	0	0	0	0	0	0	0	0	0	0	0	1	0	0	0	0	0	0	0	0	0	0	0	0	0	0	0	0	0	0	0	0	0	0	0	0	0	0	0	0	0	0	0	0	0	0	0	0	0	0	0	0	0	0	0	0	0	0	0	0	0	0	0	0	0	0	0	0	0	0	0	0	0	0	0	0	0	0	0	1	0	0	1	0	0	0	0	0	0	0	0	0	2	0	0	0	1	0	0	0	0	0	0	0	0	0	0	0	0	0	0	1	0	0	0	0	1	0	0	0	0	0	0	0	0	0	0	0	0	0	0	0	0	0	0	0	0	0	0	0	0
Eukaryota	Mollusca	87	115	11	469	14	1725	20476	0	812	321	126	877	36	865	71	2702	101	14	14855	1292	1067	345	5	1055	91977	1768	173	28	2844	31	276	1781	33	713	847	36	2860	87	24	69	4	82	1522	586	16	4	107	257	4	49	27	2617	2136	5968	15852	8993	409	261	4096	6	1052	229	68	1013	89	7391	57951	217	501	2126	97	2	178	1	194	2214	74	4940	1617	991	3329	66	53	24	14339	246	4752	144	25	82	326	2266	72	692	279	43	103	1624	32	263	55	3788	75246	7342	9	227	37776	1058	8471	590	1129	1086	255	319	8	50	4085	33	14091	144	1585	16	147	7377	628	9	67	271	4701	3	189	11	291	603	26	1369	559	5	307	222	4296	181	140	28	307	18	74	51	644	746	42	2302	339	59	20	51	444	898	30	94	682	42	80	8	57	1214	31723	226	672	17	680	562	1068	633	1342	201	218743	84	711	91	398	9	8769	98	24	259	2025	794	7779	10	1015	733	11827	215	77253	532	263	2591	2687	645	736	16832	656	2900	9	100	623	50	14693	1003	22	498	52	209	1910	1939	119	16	88	47	547	3442	39	6793	212	881	756	206	49	360	17332	54273	676	37	26	164	85	35	6	23	72	26	201	670	377	8	7	83	7	2346	812	659	2008	1025	12	2181	4049	27	21	7	19938	522	13	29	1342	10	106	151	19	405	837	69	5191	414	75	789	6	8339	13	25	265	32	9229	416	3443	1266	33452	15	194	18	101	1157	14	14764	13055	648	76	245	2835	1052	46	731	5999	39	2938	2323	1525	7	18551	2116	132	12811	4026	150	159	78	5705	416	38301	3	5121	216	14447	75	5917	1335	8162	37	2534	15	6	16	2645	231	115	354	115	2750	2622	47	2829	0	233	20	483	94	131	43	292	88	100	5	788	227	81	83	8	2490	389	21	3927	72	313	288	20	2681	605	13466	17403	962	121	3782	43	28	4318	5698	18	51	6925	98	30	9	196	32031	4417	20	88	443	563	41	1314	122	1042	8	113	4	840	88	9050	105	264	857	17	1399	8566	136	212	171	13	1006	3154	528	1576	195	65	20694	51	824	271	23	71	3790	9	75	26	660	4322	36	120	342	21	102	940	874	700	367	6704	1514	1136	947	12	257	710	254	185	630	206	7	112	88	80	1156	3624	121521	1411	123	163	247	9062	16	4502	869	546	8607	1045	419	3173	17	1515	2417	1419	10576	23	1140	548	494	7983	683	6783	444	187	362	60	4	68	9547	49	517	680	242	309	14	46	542	8	3002	144	1228	2006	20	1961	698	916	102	302	336	56	2531	111	5307	13	212	140	1366	801	431	52	202	199	4	40	192	131	2220	404	2614	397	126	377	12	4	220	297	9804	696	4	2	96	7	763	44	379	239	174	210	99	3881	92	38	152	113	1237	29	104	237	360	2426	635	19	131	1164	882	10	61	114	11053	724	475	11	1010	260	184	2138	25	83	12	1105	24	38	642	5556	17	3	35	283	44	7459	427	420	484	12	58	284	174	23	43	79	789	24	31	4282	15	972	5784	29	209	553	116	158	197	19	51	41	2352	25	5864	36	112	190	708	64	8	7041	11	413	169	52	36482	20	342	98	79	2131	567	322	381	26	259	1915	143	33	17	136	65	3048	2348	105	94	143	21	0	455	295	8187	211	12	32	4848	228	1466	1930	466	168	46	486	178	13	370	28	149	37	368	1502	49	8524	101	84	83	280	8747	9962	36	5992	70	393	7057	1574	52	2811	14	498	151	678	1248	272	38	49	317	407	723	323	234	7135	689	201	38	133	180	3742	111	574	33513	494	465	1857	351	54	72	373	318	67	94	0	347	192	1116	173	5081	819	252	694	170	809	2	38	198	239	72	18	374	258	98	46	25	1102	105	13940	39	1148	3546	3999	26	46	103	75	152	10184	25979	541	2342	247	393	581	100	11	6020	1161	16	734	70	23	69	50	458	595	25	8	147	30	139	44	139	623	10	2053	608	177	17	498	53	138	87	1059	3	230	50	195	1387	3774	1455	16042	41788	5864	3366	525	140	61885	412	15969	1296	18	2534	837	8	4433	824	103	860	1400	4144	3492	295	2323	11	582	120	2714	1948	39	18	41726	581	67	2796	619	1043	57	639	196	4	533	1771	10	206	271	2703	1027	324	19600	50280	1142	150	13986	54	652	11591	347	131	175	2911	4	4070	3124	6026	283	1003	22087	1078	907	66	151	57	8	653	113	3990	9015	23927	68	194	5274	4677	748	154	13590	5149	6122	6060	3850	772	241	2546	582	10	1	66	763	10102	1909	2396	4434	523	24	806	202	56	211	11897	433	39	9817	9134	32096	1095	115	1395	11	771	670	536	3558	3555	10923	852	2604	12819	1191	61	3349	6967	2324	2704	5052	1082	21	3231	170	18132	56	40	15128	63	5732	5091	6231	154	8988	2819	27885	10733	39	7108	3	5965	530	43	1180	1089	7252	428	134	1090	3446	38	6517	10353	173	5902	81	845	36	326	2414	2	28837	75	17020	49782	2563	15	347	143	2754	157	74	22266	510	5823	27	165	516	1709	149	24908	28	17144	98	15900	5	6630	447	3974	243	18010	492	4339	21	1033	1806	933	763	4037	1347	2336	4870	1173	3810	241	1206	89	5	1907	143	13797	21	49	1962	9382	60	1	225	5855	100041	5177	5066	119868	22815	632	24056	18	48	381	33	4	2881	8929	3363	466	49	762	3746	194	13140	1522	101	428	231	42617	33864	5107	92	893	1788	5161	29	16599	69	5575	377	123	1911	669	11264	36	9450	24	15317	33	53	3786	43	16607	3302	267	65	827	28970	296	9967	46659	2100	7484	7323	1558	406	36	537	161	768	207	4901	159	281	1	163	815	653	95	145	850	35	42	19073	7996	221	937	21037	614	15592	845	138	7187	6359	547	1009	540	213	2193	9917	4449	4771	7078	1459	399	60	70	11043	271	13250	182	2478	1608	126	101	29	8691	9	9190	3020	162256	93	2808	4324	147	2736	287	40	520	12341	40536	350	1150	2026	1057	60773	426	390	26468	47530
Eukaryota	Mucoromycota	0	16	2	0	1	1	3	0	2	0	0	0	2	0	0	0	0	4	0	11	2	0	0	3	0	0	2	4	0	1	0	1	1	0	8	5	3	26	7	0	0	0	0	1	10	0	1	6	11	0	0	1	1	0	11	0	0	0	0	2	2	4	2	0	30	1	3	3	5	1	3	0	0	1	1	0	1	1	3	2	1	3	0	0	2	0	1	10	4	3	2	7	2	0	0	0	0	1	0	0	0	1	1	0	0	0	0	0	2	2	1	0	5	0	0	0	0	1	1	2	5	8	13	0	0	6	5	5	0	0	0	0	0	3	0	4	20	0	0	0	0	0	1	0	1	2	2	1	5	0	4	0	0	1	2	0	1	0	0	4	0	0	0	0	2	0	1	2	1	0	3	3	23	5	0	1	0	0	0	12	0	4	0	4	1	0	1	2	3	1	0	6	1	0	0	2	0	1	0	2	3	0	1	0	0	0	0	0	0	0	2	1	0	0	0	0	2	0	0	0	0	20	4	0	1	0	0	1	4	11	0	7	5	1	0	1	0	9	3	1	0	5	0	0	0	1	8	0	0	0	3	12	0	0	0	2	0	0	8	0	1	0	1	0	3	1	13	0	0	0	0	0	1	1	2	6	0	2	5	7	0	0	2	3	17	3	5	1	1	0	1	0	1	0	0	0	0	1	3	2	1	0	47	0	13	3	0	0	0	9	2	0	0	0	5	0	0	3	0	0	0	0	2	0	0	3	1	0	1	0	1	1	0	1	7	0	2	0	1	0	1	0	0	2	0	25	8	1	9	0	0	1	1	1	3	0	0	0	2	2	2	0	0	0	2	0	0	3	1	1	4	2	0	0	0	0	1	0	0	6	0	0	1	6	5	16	1	0	0	2	0	0	0	0	0	0	1	0	0	4	0	0	0	0	2	3	1	2	0	2	0	7	1	1	1	0	0	0	0	11	0	2	0	0	1	4	0	0	0	1	1	1	0	1	0	5	0	0	0	3	0	3	1	0	1	0	3	1	0	0	3	15	1	0	0	3	0	0	0	1	0	6	0	0	1	1	1	6	13	0	0	0	3	1	0	6	0	1	0	4	1	0	0	0	2	1	0	2	1	0	2	1	0	0	0	1	0	0	1	0	5	0	7	1	0	0	0	0	0	4	0	0	2	1	0	15	4	1	0	0	0	1	1	4	1	1	0	3	0	0	12	0	4	1	0	0	2	2	0	0	1	0	0	0	0	1	0	2	0	1	0	1	9	1	2	4	9	3	7	0	3	0	1	2	0	11	0	0	1	0	4	11	2	0	2	52	0	1	29	4	0	0	0	0	0	6	0	3	0	2	7	1	1	2	0	2	0	8	1	13	0	1	1	1	3	0	0	0	1	1	3	0	0	8	17	6	1	0	23	1	2	1	9	2	0	0	4	0	255	0	1	6	6	2	3	1	0	18	1	10	1	16	0	2	0	6	2	0	3	0	1	5	0	15	6	0	1	0	1	5	10	1	0	0	0	0	0	6	9	0	3	12	3	0	5	2	3	2	1	3	2	2	12	1	7	23	0	0	2	0	0	0	0	10	0	25	0	0	153	0	107	31	20	1	149	48	19	3	1	5	59	0	4	0	4	1	6	5	1	1	0	8	0	2	0	1	0	23	0	2	0	12	0	4	1	2	12	0	1	2	0	0	1	5	1	0	3	0	2	3	1	7	0	0	45	1	0	1	82	0	0	1	15	1	1	1	0	0	2	5	0	0	32	0	0	3	4	3	2	0	0	14	1	3	0	3	0	2	2	5	4	0	1	9	1	0	5	0	2	0	0	5	0	2	0	0	0	1	0	0	0	19	0	2	0	0	1	0	0	0	6	1	1	0	7	0	2	0	1	0	6	0	5	0	0	0	0	0	4	1	0	3	0	5	0	0	1	0	7	1	0	2	0	0	1	1	0	2	13	9	0	0	0	0	0	1	0	4	0	1	0	0	1	0	1	0	0	0	0	0	0	0	2	1	4	112	0	0	0	16	0	0	0	0	0	0	1	0	0	3	0	0	0	0	3	0	10	2	1	8	3	0	0	3	0	0	0	0	7	0	2	0	0	0	0	0	10	4	1	0	0	0	0	12	1	0	5	0	2	2	0	0	4	3	0	0	1	0	0	2	1	0	0	5	13	0	0	0	0	6	0	0	0	4	0	0	0	0	1	2	0	0	0	0	0	0	0	2	0	0	1	1	0	0	19	0	1	0	0	13	0	0	28	1	0	0	1	4	0	1	0	0	15	18	0	1	0	0	0	4	0	0	0	2	0	0	0	1	0	1	0	4	22	2	2	3	0	4	1	0	0	0	1	1	0	0	5	26	2	1	4	20	0	0	2	0	0	0	2	0	1	3	0	2	0	33	7	1	0	0	13	6	2	0	2	0	0	15	18	6	1	102	4	0	0	0	0	6	0	0	6	0	1	17	0	0	1	1	0	0	3	6	3	11	3	0	0	0	0	1	0	1	3	0	3	0	0	4	3	0	0	0	0	0	67	13	0	2	1	3	31	0	0	0	43	0	3	2	0	0	0	33	0	13	11	0	1	0	0	1	1	35	3	4	0	1	0	0	0	0	0	4	19	0	1	6	2	4	9	0	0	14	3	0	0	1	1	0	0
Eukaryota	Myzostomida	0	0	0	0	0	0	0	0	0	0	0	0	0	0	0	0	0	0	0	0	0	0	0	0	0	0	0	0	0	0	0	0	0	0	0	0	0	0	0	0	0	0	0	0	0	0	0	0	0	0	0	0	0	0	0	0	0	0	0	0	0	0	0	0	0	0	0	0	0	0	0	0	0	0	0	0	0	0	0	0	0	0	0	0	0	0	0	1	0	0	0	0	0	0	0	0	0	0	0	0	0	0	0	0	0	0	0	0	0	0	0	0	0	0	0	0	0	0	0	0	0	0	0	0	0	0	0	0	0	0	0	0	0	0	0	0	0	0	0	0	0	0	0	0	0	0	0	0	0	0	0	0	0	0	0	0	0	0	0	0	0	0	0	0	0	0	0	0	0	0	0	1	0	0	0	0	0	0	0	0	0	0	0	0	0	0	0	0	0	0	0	0	0	0	0	0	0	0	0	0	0	0	0	0	0	0	0	0	0	0	0	0	0	0	0	0	0	0	0	0	0	0	0	0	0	0	0	0	0	0	0	0	0	0	0	0	0	0	0	0	0	0	0	0	0	0	0	0	0	0	0	0	0	0	0	0	0	0	0	0	0	0	0	0	0	0	0	0	0	0	0	0	0	0	0	0	0	0	0	0	0	0	0	0	0	0	0	0	0	0	0	0	0	0	0	0	0	0	0	0	0	0	0	0	0	0	0	0	0	0	0	0	0	0	0	0	0	0	0	0	0	0	0	0	0	0	0	0	0	0	0	0	0	0	0	0	0	0	0	1	0	0	0	0	0	0	1	0	0	0	0	0	0	0	2	0	0	0	0	0	0	0	0	0	0	0	0	0	0	0	0	0	0	0	0	0	0	0	0	0	0	0	0	0	0	0	0	0	0	0	0	0	0	0	0	0	0	0	0	0	0	0	0	0	0	0	0	0	0	0	0	0	0	0	0	0	0	0	0	1	0	0	0	0	0	0	0	0	0	0	0	0	0	0	0	0	0	0	0	0	0	0	0	0	0	0	0	0	0	0	0	0	0	0	0	0	0	0	0	0	0	0	0	0	0	0	0	0	0	0	0	0	0	0	0	0	0	0	0	0	0	0	0	0	0	0	0	0	0	0	0	0	0	0	0	0	0	0	0	0	0	0	0	0	0	0	0	0	0	0	0	0	0	0	0	0	0	0	0	0	0	0	0	0	0	0	0	0	0	0	0	0	0	0	0	0	0	0	0	0	0	0	0	0	0	0	0	0	0	0	0	0	0	0	0	0	0	0	0	0	0	0	0	0	0	0	0	0	0	1	0	0	0	0	0	0	0	0	0	0	0	0	0	0	0	1	0	0	0	0	0	0	0	0	0	0	0	0	0	0	0	0	0	0	0	0	0	0	0	0	0	0	0	0	0	0	0	0	0	0	0	0	0	0	0	0	0	0	0	0	0	0	0	0	0	0	0	0	0	0	0	0	0	0	0	0	0	0	0	0	0	0	0	0	0	0	0	0	0	0	0	0	0	0	0	0	0	0	0	0	0	0	0	0	0	0	0	0	0	0	0	0	0	0	0	2	0	0	0	0	0	0	0	0	0	0	0	0	0	0	0	0	0	0	0	0	0	0	0	0	0	0	0	0	0	0	0	0	0	0	0	0	0	0	1	0	0	0	0	0	1	0	0	0	0	0	0	0	0	0	0	0	0	0	0	0	0	0	1	0	0	1	0	0	0	0	0	0	0	0	0	0	0	0	1	0	0	0	0	0	0	0	0	0	0	0	0	0	0	0	0	0	0	0	0	0	0	0	0	0	0	0	0	0	0	0	0	1	0	0	0	0	0	0	0	0	0	0	0	0	0	0	0	0	0	0	0	0	0	0	0	0	0	0	0	0	0	0	0	0	1	0	0	0	0	0	0	0	0	0	0	0	0	0	0	0	0	0	0	1	0	0	0	0	0	1	1	0	0	0	0	0	0	0	0	0	0	0	0	0	0	0	0	0	0	0	0	0	0	0	0	0	0	0	0	0	0	0	0	0	0	0	0	0	0	0	0	0	0	0	0	0	0	0	0	0	0	0	0	0	0	0	0	0	0	0	0	0	0	0	0	0	0	0	0	0	0	0	0	0	0	0	0	0	0	0	1	0	0	0	0	0	0	0	0	0	0	0	0	0	0	0	0	0	0	0	0	0	0	0	0	0	0	0	0	0	0	0	0	0	0	0	0	0	0	0	0	0	0	0	6	0	0	0	0	0	0	0	0	0	0	0	0	0	0	0	0	0	0	0	0	0	0	0	0	0	0	0	0	0	0	0	0	0	0	0	0	0	0	0	0	0	0	0	0	0	0	0	0	0	0	0	0	0	0	0	0	0	0	0	0	0	0	0	0	0	0	0	0	0	0	0	0	0	0	0	0	0	0	0	0	0	0	0	0	0	0	0	0	0	0	0	0	0	0	0	0	0	0	0	0	0	0	0	0	0	0	0	0	0	0	0	0	0	0	0	0	0	0	0	0	0	0	0	0	0	0	0	0	0	0	0	20	0	0	0	0	0	0	0	0	0	0	0	0	0	0	0	0	0	0	0	0	0	0	0	0	0	0	0	0	0	0	0	0	0	0	0	0	0	0	0	0	0	0	0	0	0	0	0	0	0	0	0	0	0	0	0	0
Eukaryota	Nematoda	68	97	49	13	24	6	14	0	0	1	2	3	20	66	2	5	1	0	9	26	5	23	32	4	3	10	67	114	3	2	2	2	0	0	2	91	15	23	76	15	2	14	29	1	8	0	436	61	5	42	1	15	3	17	45	0	67	51	88	132	64	5	16	2	26	708	311	24	2	208	166	69	10	6	10	75	193	32	78	2	18	74	7	0	568	2	23	259	33	0	62	3	20	5	0	17	2	7	15	0	38	261	0	23	0	405	4	13	32	1	55	6	19	42	7	0	6	7	44	361	9	174	0	0	2	34	23	2	1	105	91	1	2	1528	22	4	12	10	0	6	34	10	3	2	121	0	2	9	0	2	77	109	127	19	80	36	11	2	56	51	0	2	5	12	1	6	283	30	0	0	4	928	6	22	6	6	5	193	3	29	2	10	20	39	31	0	12	0	2	35	5	5	1177	2	23	23	6	56	21	0	104	70	126	14	5	16	2	178	8	2	7	158	13	8	16	59	0	1	4	227	2	237	85	71	0	0	6	119	22	67	82	248	361	2	8	11	8	4	4	2	11	7	2913	1	0	7	0	3	12	17	12	13	17	2	27	218	6	200	56	8	10	0	27	16	6	73	92	386	0	2	3	15	23	0	7	11	18	1	13	32	139	347	5115	14	7	215	170	22	22	23	44	51	45	80	35	17	146	16	20	14	29	20	13	2	1	0	0	0	43	796	33	44	9	49	299	8	50	20	571	1	7	2	0	25	363	9	119	27	2	13	5	37	1	1	145	20	24	18	2	69	3	0	32	0	13	572	96	53	1364	23	1	9	9	2	13	6	9	12	270	169	19	142	3	0	37	97	6	1	44	6	87	17	2	68	91	41	191	7	5	231	562	25	342	440	37	13	8	5	43	2	27	12	47	2	53	13	1	78	12	3	3	3	17	45	66	2	27	45	0	18	2	2	0	148	26	6	13	3	5	1	40	36	0	4	184	3	12	4	26	183	4	122	27	7	9	40	5	24	33	273	9	3	3	1	125	5	7	1	7	283	147	6	8	2	562	21	0	549	16	7	23	12	9	108	45	15	0	63	234	37	2	11	289	5	64	0	4	38	21	3	6	7	13	32	1	59	23	8	647	0	1	1	628	2	0	21	4	1	148	0	6	20	2	4	17	4	0	14	5	27	885	20	67	572	698	35	3695	7	38	1	4	126	53	920	37	1194	46	42	18	4	16	10	178	22	24	10	0	8	0	9	352	7	5	501	37	24	17	241	126	0	0	3	34	114	168	703	172	5	45	34	1238	4	7	5	1	133	11	37	0	104	194	471	38	4	51	164	71	6	44	38	1081	6	2	12	29	80	335	50	21	51	5	63	7	5	4	10	67	65	171	116	257	49	608	1230	249	10	20	20	22	59	30	15	5	2316	1487	544	0	120	208	256	8	5	103	14	56	10	5	88	230	3	439	40	33	173	15	18	19	14	882	10	9	21	0	6	169	153	112	23	215	28	6	439	32	474	239	10	1004	32	0	48	200	172	170	6	65	21	10	107	40	8	18	234	132	8	15	10	145	125	16	559	9	5	37	2	858	140	17	63	61	7128	4	14	11	191	21	97	0	285	193	1184	1643	1627	47	64	69	139	5191	42	158	11	53	24	9	297	104	5	8	162	170	44	47	220	3	28	28	449	20	427	106	66	71	1146	2	7	4474	16	77	1	21	112	19	96	8	29	1	12	27	199	505	5	72	45	12	32	1123	15	89	225	15	1	3	54	262	413	12	30	19	1	25	227	2	35	209	4	20	35	3	91	15	0	9	23	50	3	32	253	4	2	419	12	24	55	50	1	70	11	29	27	378	13	3	158	259	13	33	227	36	95	90	5856	0	39	469	0	1	37	80	0	73	155	7	13	19	15	49	1	5	4	3	360	211	0	36	28	96	85	541	20	4	882	8	124	16	129	69	17	8	6	10	100	5	115	37	127	5	90	789	17	11	59	2	14	2	7	6	346	0	555	31	29	13	1	47	3	16	53	4	19	1	19	108	34	74	39	15	229	163	21	115	51	70	3	44	0	1	44	7	7	32	38	5	212	1	21	30	15	127	49	14	8	6	0	6	37	7	60	25	23	174	32	5	22	399	24	94	8	93	254	0	5	18	80	855	39	1	191	892	1	11	1	8	0	988	10	0	33	3	0	169	9	36	13	1	20	33	11	43	1886	52	90	6	5	52	19	445	188	267	3	14	2	13	68	5	0	27	14	0	50	3	2	74	131	4	15	45	587	114	106	95	20	48	4	180	78	1	2	17	580	3	394	8	129	198	154	133	376	0	26	0	123	136	12	143	202	0	5	16	41	11	1	2	4	15	6	4	274	5	74	372	19	22	21	6	39	4	10	23	19	76	12	87	202	5	0	25	0	223	0	73	6	70	1508	2	522	17	49	24	19	1	4	25	5	48	822	0	4	471	20	39	96	1	38	12	1	12	24	0	1155	72	13	509	9	73	310	918	0	5	0	10	7	83	325	146	38	20	0	101	25	11	30	51	31	57	1	59	38	103	234	1874	157	2	87	3	1	96	42	49	85	7	4	42	35	29	2	86	40	62	140	2	5	7	61	2	21	1	0	8	349	27	14	1	50	34	411	2	3	0	164	14	35	2	5	3	262	446	226	18	40	36	16	46	110	143	20	9	72	61	0	70
Eukaryota	Nematomorpha	0	0	0	0	0	0	0	0	0	0	0	0	0	0	0	0	0	0	0	0	0	0	0	0	0	0	0	0	0	0	0	0	0	0	0	0	0	0	0	0	0	0	0	0	0	0	0	0	0	0	0	0	0	0	0	0	0	0	0	0	0	0	0	0	0	0	0	0	0	0	0	0	0	0	0	0	0	0	0	0	0	0	0	0	0	0	0	0	0	0	0	0	0	0	0	0	0	0	0	0	0	0	0	0	0	0	0	0	0	0	0	0	0	0	0	0	0	0	0	0	0	0	0	0	0	0	0	0	0	0	0	0	0	0	0	0	0	1	0	0	0	1	0	0	0	0	0	0	0	0	1	0	0	0	0	0	0	0	0	0	0	0	0	0	0	0	0	0	0	0	0	0	0	0	0	0	0	0	0	0	0	0	0	0	0	0	0	0	0	0	0	0	0	0	0	0	2	0	0	0	0	0	0	0	0	0	0	0	0	0	0	0	0	0	0	0	0	0	0	0	0	0	0	0	0	0	0	0	0	0	0	0	0	0	0	0	0	0	0	0	0	0	0	0	0	0	0	0	0	0	0	0	0	0	0	0	0	0	0	0	0	0	0	0	0	1	0	0	0	0	0	0	0	0	0	0	0	0	0	0	0	0	0	0	0	0	0	0	0	0	0	0	0	0	0	0	0	0	0	0	0	0	0	0	0	0	0	0	0	0	0	0	0	0	0	0	0	1	0	0	0	0	0	0	0	0	0	0	0	0	0	0	0	0	0	1	0	0	0	0	0	0	0	0	0	0	0	0	0	0	0	0	0	0	0	0	0	0	0	0	0	0	0	0	0	0	0	0	0	0	0	0	0	0	0	0	0	0	0	0	0	0	0	0	0	0	0	0	0	0	0	0	0	0	0	0	0	0	0	0	0	0	0	0	0	0	0	0	0	0	0	0	0	0	0	0	0	0	0	0	0	0	0	0	0	0	0	0	0	0	0	0	0	0	0	0	0	0	0	0	0	0	0	0	0	0	0	0	0	0	0	0	0	0	1	0	0	0	0	0	0	0	0	0	0	0	0	0	0	0	0	0	0	0	0	0	0	0	0	0	0	0	0	0	0	0	0	0	1	0	0	0	0	0	0	0	0	0	0	0	0	0	0	0	0	0	0	0	0	0	0	0	0	0	0	0	0	0	0	0	0	0	0	2	0	0	0	0	0	0	0	0	0	0	0	0	0	0	0	0	0	0	0	0	0	0	0	0	0	0	0	0	1	1	0	0	0	0	0	0	0	0	0	0	0	0	0	0	0	0	0	0	0	0	0	0	0	0	0	0	0	0	0	0	0	0	0	0	0	0	0	0	0	0	0	0	0	0	0	0	0	0	0	0	0	0	0	0	0	0	0	0	0	0	0	0	0	0	0	0	0	0	0	0	0	0	0	0	0	0	0	1	0	0	0	0	0	0	0	0	0	0	0	0	0	0	0	0	0	0	0	0	0	0	0	0	0	0	0	0	0	0	0	0	0	0	0	0	0	0	0	0	0	0	0	0	0	0	0	0	0	0	0	0	0	0	0	0	0	0	0	0	0	0	0	0	0	0	0	0	0	0	0	0	0	0	0	0	0	0	0	0	0	0	0	0	0	0	0	0	0	0	0	0	0	0	0	0	0	0	0	0	0	0	0	0	0	0	1	0	0	0	0	0	0	0	0	0	0	0	0	0	0	0	0	0	0	0	0	0	0	0	0	0	0	0	0	0	0	0	0	0	0	0	0	0	0	0	0	0	0	1	0	0	0	0	0	0	0	0	0	0	0	0	0	0	0	0	0	0	0	0	0	0	0	0	0	0	0	0	0	0	0	0	0	0	0	0	0	0	1	0	0	0	0	0	0	0	0	0	0	0	0	0	0	0	0	0	0	0	0	0	0	0	0	0	0	0	0	0	0	0	1	0	0	0	0	0	0	0	0	0	0	0	0	0	0	0	0	0	0	0	0	0	0	0	0	0	0	0	0	0	0	0	0	0	0	0	0	0	0	0	0	0	0	0	0	0	0	0	0	0	0	0	0	0	0	0	0	0	0	0	0	0	0	0	0	0	0	0	0	0	0	0	0	0	0	0	0	0	0	0	0	0	0	0	0	0	0	0	0	0	0	0	1	0	0	0	0	0	0	0	0	0	0	0	0	0	2	0	0	0	0	0	0	0	0	0	0	0	0	0	0	0	0	0	0	0	0	0	1	0	0	0	0	0	0	0	0	0	0	0	0	0	0	0	0	0	0	0	0	0	0	0	0	0	0	0	0	0	0	0	0	0	0	0	0	0	0	0	0	0	0	0	0	0	0	0	0	0	0	0	0	0	0	0	0	0	0	0	0	0	0	0	0	0	0	0	0	0	0	0	0	0	0	0	0	0	0	0	0	0	0	0	0	0	0	0	0	0	0	0	0	0	0	0	0	0	0	0	0	0	0	0	0	0	0	0	0	0	0	0	0	0	0	0	0	0	0	0	0	0	0	0	0	0	0	0	0	0	0	0	0	0	0	0	0	0	0	0	0	0	0	0	0	0	0	0	0	0	0	0	0	0	0	0	0	0	0	0	0	0	0	0	0	0	0	0	0	0	0	0	0	0	0	0	0	0	0	0	0	0	0	0	0	0	0	0	0
Eukaryota	Nemertea	0	4	0	0	0	4	2	0	0	2	0	0	16	0	0	29	0	2	0	1	1	5	0	2	0	22	1	0	3	0	0	0	0	0	0	3	1	0	1	1	0	5	4	0	0	5	39	3	0	0	0	0	105	274	2	0	0	0	2	0	0	0	1	0	0	0	5003	1	7	1	0	0	7	0	7	1	1	8	13	0	1	1	0	1	48	5	2	0	0	0	1	17	0	94	1	0	644	0	0	0	17	0	6	0	1	3	79967	0	5	74	80	0	0	350	0	0	9	16	0	0	11	0	0	18353	1	0	4	0	0	0	294	7	0	4	0	0	1	0	0	0	1	5	0	0	1	10	18	0	0	0	0	0	6	2	0	0	0	1	0	2	4	0	0	0	0	0	564	0	0	0	0	6	1	11	0	1	8	1	1	1	0	1	2	1	0	0	0	0	1	0	0	0	0	3	787	1	0	74	9	0	67	1052	55	156	0	0	0	0	0	185	0	10	0	0	284	2	1	0	0	0	48	42	0	0	0	1	0	1	0	0	7	41	1	0	0	4	0	0	3	1	5	1	3	150	0	1	0	0	0	0	148	0	99	0	0	0	256	0	1	0	1131	10	0	0	2	0	9	0	0	1	35	0	3	0	3	0	0	3	0	0	7	1	0	3	15	0	708	0	0	0	0	21	0	4018	2	0	1	3	5	1	2	12	4	0	1	0	0	1	743	0	7	3	2	1	1	1	0	0	593	0	128	0	0	11	3733	0	1	1	0	0	0	0	0	1	6	22	4	1	16	0	3	0	11	40	0	2	1	0	0	0	0	0	4	0	2	0	0	1	0	1	0	2	32	1	1	0	36	2	63	1	0	1	0	3	1248	519	0	0	6	0	0	0	1	4583	0	0	1	0	1	0	0	2	0	0	2	0	0	1	5	0	2	232	0	1	0	6219	0	0	0	15	1	0	1	1	4	1	0	0	0	1	2	271	17	2	0	1	0	0	2	6	0	14	10	0	3	0	1	2	106	5	0	1	0	9	6	16	0	92	2	0	1	0	2	0	51	0	0	0	22	0	326	1	1	1	56	0	24	0	0	0	0	0	0	2	22	0	0	38	31	0	0	36	1	0	0	940	0	6	5	0	10	1	4	0	0	0	0	1	2	0	6	0	14	1	4	6	4	0	0	0	1	5	2	0	0	4	1	2	0	0	0	0	258	10	12	0	2	0	1	0	0	0	15	16	0	0	0	0	0	0	10	0	0	0	0	0	3	2	0	0	0	1	0	4	0	121	2	0	0	0	14	2	0	3	0	680	1	4	0	36	8	1	0	0	2	0	1	0	0	0	805	5	0	0	0	1	0	2067	3	0	0	0	1	2	0	0	1	4	0	2	0	0	6	0	0	12	0	0	2	0	0	1	0	22	3	552	0	1	1	6	0	0	450	31	1	35	0	315	0	0	0	0	0	8	1	14	0	2	4	5	0	1	0	3	3	62	0	2	0	0	0	4	37	51	2	23	1	13	0	0	0	0	0	0	17	8	0	17	0	3	0	1	2	0	1598	7	0	0	0	1	0	0	0	0	14	0	52	1	2	1	0	0	6	0	0	0	0	0	0	0	2	8	0	6	0	3	1	2	115	0	0	5	0	0	4	0	0	5	0	1	1	1	0	4	0	85	22	0	4	3	1	1	0	0	0	2	2	0	0	146	6	5	555	0	1	0	0	8	2	573	1	1	0	0	0	0	60	0	23	0	0	3	19	3	0	0	7	0	60	1	0	0	3	1	0	0	0	3	0	1	0	0	0	0	20	2	1	1	3	0	0	0	0	0	1	0	15	15	0	0	40	559	493	25	14	0	56	0	0	43	1	8	16	0	4	0	0	0	1	2	10	7	4	0	19	0	469	556	0	0	134	0	0	59	78	0	5	60	0	0	19	2	0	74	0	1	0	2	7	19	648	4	818	6	15	588	21	0	1	0	0	192	3	193	0	0	532	2	0	9	0	2	3	0	9	3	9	692	0	0	981	0	68	6	9	31524	252	4	48	3	0	0	1	0	0	0	731	0	1	0	667	116	0	17	88	0	0	4180	7	8	511	0	291	1	89	0	0	6	1	6	118	0	527	10	476	967	11	2	0	2	588	88	0	1	0	1	9	0	0	0	986	0	1	1	0	0	1	0	283	84	1	0	1	7	1	0	0	0	1	0	0	2	0	0	1	0	0	1	2	1	0	0	0	0	10	0	0	1	2	0	21	2	22	3	0	184	19	1	1	0	0	1	3	2	0	198	1	0	1	835	1	1	0	3	0	1	0	3	200	10	42	1	2	0	4	164	0	1	0	0	0	3	0	144	1	0	1	889	0	14	3	0	0	9	1	2	248	0	0	5	0	0	0	0	0	352	2	0	0	0	468	53	575	0	0	702	3	0	3	1	0	0	1	5	0	57	1	0	0	4	4	0	181	0	0	0	3401	1	0	6	1	0	37	7	0	0	77	1	0	352	0	0	84	3	1	0	14	0	25	2	31	0	1	0	23	0	0	6	0	2	0	0	964	1	0	4	1	0	596	110	0	0	41	0	10	2	2	8	191	0	0	12	0	0	2	0	701	0	0	0	11	414	1	0	0	75	0	0	7	0	0	19	0	0	120	0	0	28	0	0	0	4	9	38	2304	121	17	0	711
Eukaryota	Onychophora	0	0	0	0	0	0	1	0	0	0	0	0	0	0	0	0	0	0	0	0	0	0	0	0	0	0	0	0	0	0	0	0	0	0	0	0	0	0	0	0	0	0	0	0	0	0	0	2	0	0	0	0	0	2	0	0	0	0	0	0	0	0	0	1	0	0	0	0	0	0	0	0	0	0	0	0	0	0	0	0	0	0	0	0	0	0	0	0	0	0	0	0	0	0	0	0	0	0	0	0	0	0	0	0	0	0	0	0	0	0	0	0	0	0	0	0	0	0	0	0	0	0	0	0	0	0	0	0	0	0	0	0	0	0	0	0	2	1	0	0	0	0	0	0	0	0	0	0	0	0	0	0	0	0	0	0	0	0	0	0	0	0	0	0	0	0	0	0	0	0	0	0	0	0	0	0	0	0	0	0	0	0	0	0	0	0	0	0	0	0	0	1	0	0	0	0	0	0	0	0	0	0	0	0	0	0	0	0	0	0	0	0	0	0	0	0	0	0	0	0	0	0	0	0	0	0	0	0	0	1	0	0	0	0	0	1	0	0	0	0	0	0	0	0	0	0	0	0	0	0	0	0	0	0	0	0	3	0	0	0	0	1	0	0	10	0	0	0	0	0	0	1	0	0	0	0	0	0	0	0	0	0	0	0	0	0	0	0	0	0	0	0	0	0	0	0	0	0	0	1	0	0	0	0	0	0	0	0	0	0	0	0	0	0	0	0	0	0	0	0	0	0	0	0	0	0	0	0	0	0	0	0	0	0	0	0	1	0	0	0	1	0	0	0	0	0	0	0	0	0	0	0	0	0	0	0	0	0	0	0	0	0	0	0	0	0	0	0	0	0	0	0	0	0	0	0	0	0	0	0	0	0	0	0	1	1	0	0	0	0	0	0	0	0	0	0	1	0	0	0	2	0	0	0	0	0	0	0	0	0	0	0	0	0	0	0	0	0	0	0	0	0	0	0	0	0	0	0	0	0	0	0	0	0	0	0	0	0	0	0	0	0	0	0	0	0	0	0	0	0	1	0	0	0	4	0	0	0	0	0	0	0	0	0	0	0	0	0	0	0	0	0	0	0	0	0	0	0	0	0	0	0	0	0	0	0	0	0	0	0	0	0	0	1	0	0	0	0	0	0	0	0	0	0	0	0	0	0	0	0	0	0	0	0	0	0	0	0	0	0	0	0	0	0	0	0	0	0	0	0	0	0	0	1	0	0	0	0	0	0	0	0	0	0	0	0	0	0	0	0	0	0	0	0	0	0	1	0	0	0	0	1	0	0	0	0	0	0	0	0	0	0	0	0	0	0	0	0	0	0	0	0	0	0	0	0	0	0	0	0	0	0	0	0	0	0	0	0	0	0	0	0	0	0	0	1	0	0	0	0	0	0	0	0	0	0	0	0	0	4	0	0	0	0	0	0	0	0	0	0	0	0	0	1	0	0	0	0	0	0	0	0	0	0	0	0	0	0	0	0	0	0	0	0	0	0	0	0	0	0	0	0	0	0	0	1	0	0	0	0	0	0	0	0	0	0	0	0	0	0	0	0	0	0	0	0	1	0	0	0	0	0	0	4	0	0	0	0	0	0	0	0	0	0	0	0	0	0	1	0	0	1	0	0	0	0	0	0	0	0	0	0	0	1	0	0	0	0	0	0	0	0	0	0	0	0	0	0	0	0	0	0	0	0	0	0	0	0	0	0	0	0	0	0	0	0	0	0	0	0	0	0	0	0	0	0	0	0	0	0	0	0	0	0	0	0	0	0	0	0	0	0	0	0	1	0	0	0	0	0	0	0	0	0	0	0	0	0	0	0	0	0	0	0	0	0	0	0	0	0	0	0	0	0	0	0	0	0	0	0	0	0	0	0	0	0	0	0	0	0	0	0	0	0	0	0	0	0	0	0	0	0	0	0	0	0	0	0	0	0	0	1	0	0	0	0	0	0	0	0	0	0	0	0	0	0	0	0	0	0	0	0	0	0	0	0	0	0	0	0	0	0	0	0	0	0	0	0	0	0	0	0	0	0	0	0	0	0	0	0	0	0	0	0	0	0	0	0	0	0	0	0	0	0	0	0	0	0	0	0	0	0	0	0	0	0	0	0	0	0	0	0	0	0	0	0	0	0	0	0	0	0	0	0	0	0	0	0	0	1	0	0	0	0	0	0	0	0	0	0	0	0	0	0	0	0	0	0	0	0	0	0	0	0	0	0	0	0	0	0	0	0	0	0	0	0	0	0	0	0	0	0	0	0	0	0	0	0	0	0	0	0	0	0	0	0	0	0	0	0	0	0	0	1	0	0	0	0	0	0	0	1	0	0	0	0	0	0	0	0	0	0	0	1	0	1	0	0	0	0	0	0	0	0	0	0	0	0	0	0	0	0	0	0	0	0	0	0	0	0	0	0	0	0	0	0	0	0	0	0	0	0	0	0	0	0	0	0	0	0	0	0	0	0	0	0	0	0	0	0	0	0	0	0	0	0	0	0	0	0	0	0	0	0	0	0	0	0	0	0	0	0	0	0	0	0	0	0	0	0	0	0	0	0	0	0	0	0	0	0	0	3	0	0	0	0	0	0	0	0	0	0	0	0	0	0	0	0	0	0	0	0	0	0	0	0	0	0	0	0	0	0	0	0	0	0	0	0	0
Eukaryota	Orthonectida	0	0	0	0	0	0	0	0	0	0	0	0	0	0	0	0	0	0	0	0	0	0	0	0	0	0	0	0	0	0	0	0	0	0	0	0	0	0	0	0	0	0	0	0	0	0	0	0	0	0	0	1	0	0	1	0	0	0	0	0	0	0	0	0	0	0	0	0	0	0	1	0	0	0	0	0	0	0	0	0	0	0	0	0	0	0	0	1	0	0	0	0	0	0	0	0	0	0	0	0	0	0	0	0	0	0	0	0	0	0	0	0	0	0	0	0	0	0	0	0	0	0	0	0	0	0	0	0	0	0	0	0	0	0	0	0	0	0	0	0	0	0	0	0	0	0	0	0	1	0	0	0	0	0	0	0	0	0	0	0	0	0	0	0	0	0	0	0	0	0	0	0	0	1	0	0	0	0	0	1	0	0	0	0	0	0	0	0	0	0	0	0	0	0	0	0	0	0	0	0	0	7	0	0	0	0	0	0	0	0	0	0	0	0	0	0	0	0	0	0	0	0	0	0	0	0	0	1	0	0	0	0	1	0	0	0	0	0	0	0	0	0	0	0	0	0	0	0	0	0	0	0	0	0	0	0	1	0	0	0	0	0	0	0	0	0	1	0	0	0	0	0	0	0	0	0	0	0	0	0	0	0	0	0	0	0	0	0	0	0	0	0	0	0	0	0	2	0	0	0	0	0	0	0	0	0	0	0	0	0	0	0	0	0	0	0	0	0	0	0	0	0	0	0	0	0	0	0	0	0	0	1	0	0	1	0	0	0	0	0	0	0	0	0	0	0	0	0	0	0	0	0	0	0	0	0	0	0	0	0	0	0	0	0	0	0	0	0	0	0	0	0	0	0	0	0	0	0	0	0	0	0	0	0	0	0	0	0	0	0	0	0	0	0	0	0	0	0	0	0	0	0	0	0	0	0	0	0	0	0	0	0	0	0	0	0	0	0	0	0	0	0	0	0	0	0	0	0	0	0	0	0	0	0	0	0	0	0	0	0	0	0	0	0	0	0	0	0	0	0	0	0	0	0	0	0	0	0	0	0	0	0	0	0	0	0	0	0	0	0	0	0	0	0	0	0	0	0	0	0	0	0	0	0	0	0	0	0	0	0	0	0	0	0	0	0	0	0	0	0	0	0	0	0	0	0	0	0	0	0	0	0	0	0	0	0	0	0	0	0	0	0	0	0	0	0	0	0	0	0	0	0	1	0	0	0	0	0	0	0	0	0	0	0	0	0	0	0	0	0	0	0	0	1	0	1	0	0	0	1	0	0	0	0	0	0	0	0	0	0	0	0	0	0	0	0	1	0	0	0	0	0	0	0	0	3	0	0	0	0	0	0	0	0	0	0	0	0	0	0	0	0	2	0	0	0	0	0	0	0	0	0	0	0	0	0	0	0	0	0	0	0	0	0	0	0	0	0	0	0	0	0	0	0	0	0	0	0	0	0	0	0	0	0	0	0	0	0	0	0	0	0	0	0	0	0	0	0	0	0	0	0	0	0	0	0	0	0	0	0	0	0	0	0	0	0	0	0	0	0	0	0	0	0	0	0	2	0	0	0	0	0	0	0	0	0	0	0	0	0	0	0	0	0	0	0	0	0	0	0	0	0	0	0	0	0	0	2	0	0	0	0	0	0	0	0	0	0	0	0	0	0	0	0	0	0	0	0	0	0	0	0	0	0	0	0	0	0	0	0	0	0	0	0	0	0	0	0	1	0	0	0	0	0	0	0	0	0	0	0	0	0	0	0	0	0	0	0	0	0	0	0	0	0	2	0	0	0	0	0	0	0	0	0	0	0	0	1	0	0	0	0	0	0	0	0	0	0	0	0	0	0	0	0	0	0	0	0	0	0	0	0	0	0	0	0	0	0	0	0	0	0	0	0	0	0	0	0	0	0	0	0	0	0	0	0	0	0	0	0	0	0	0	0	0	1	0	0	0	3	0	0	0	0	0	0	0	0	0	0	0	0	0	0	0	0	1	0	0	0	0	0	0	2	0	1	0	0	0	0	0	0	0	0	0	0	0	0	0	0	0	0	0	0	0	0	0	0	0	0	0	0	0	0	0	0	0	0	0	0	0	0	0	0	0	0	1	0	0	0	0	0	0	0	0	0	4	0	0	0	0	0	0	0	0	0	0	0	0	0	0	0	0	0	0	0	0	0	0	0	0	0	0	0	0	0	0	0	0	0	0	0	0	0	0	0	0	0	0	0	10	0	0	0	0	0	0	0	0	0	0	0	0	0	0	0	0	0	0	0	0	0	0	0	0	0	0	0	0	0	0	0	0	0	0	0	0	0	0	0	0	0	0	0	0	0	0	0	0	0	0	0	0	1	0	0	0	0	0	0	0	0	0	0	0	0	0	0	0	0	0	0	0	0	0	0	0	0	0	0	0	0	0	0	0	0	0	0	0	0	0	0	0	0	0	0	0	0	0	0	0	0	0	0	0	0	0	0	0	0	0	0	0	0	0	0	0	1	0	0	0	0	0	0	1	0	0	0	0	0	0	0	0	0	0	0	0	0	0	0	1	0	0	0	1	0	0	0	0	0	0	1	0	0	0	0	0	0	0	0	0	0	0	0	0	0	0	0	0	0	0	0	0	0	0	0	0	0	0	0	0	1	0	0	0	0	0	0	0
Eukaryota	Phaeophyceae	2	10	6	1	1	1	0	1	0	0	0	0	11	0	4	0	0	1	0	19	0	7	1	0	0	2	2	13	1	0	0	0	29	0	0	4	0	16	14	10	1	33	1	0	6	2	10	0	1	1	0	0	0	0	1	0	0	5	1	2	0	0	3	0	29	1	781	9	1	0	1	3	2	2	0	0	5	0	0	0	1	21	0	0	25	16	0	21	1	0	0	1	6	0	0	3	0	2	5	0	11	1	0	0	0	3	0	0	0	0	0	0	0	0	0	1	2	0	9	0	0	0	0	0	0	7	16	0	0	4	4	4	0	3	2	0	0	4	0	0	1	0	0	0	16	1	0	0	0	0	1	0	0	0	2	0	1	0	0	92	0	0	2	0	0	0	831	0	0	0	0	1	0	12	0	0	1	3	0	9	0	3	0	21	11	1	0	2	0	2	0	0	5	0	33	0	0	1	6	0	34	444	26	1	3	0	0	9	0	0	1	3	2	3	63	40	0	2	2	6	0	3	2	0	0	0	0	15	8	23	0	14	17	1	1	0	0	0	5	0	0	5	33	0	0	2	0	5	3	1	0	0	0	1	9	0	0	23	95	0	27	0	7	2	0	0	8	7	0	0	8	0	0	0	0	0	1	1	0	2	2	1	6	0	3	0	213	7	1	0	3	2	5	20	0	0	2	0	6	0	4	255	0	0	0	0	0	0	35	3	6	0	0	35	0	0	0	0	45	0	2	0	0	3	21	0	0	10	0	0	13	1	0	0	83	2	45	0	0	17	0	0	0	2	0	31	22	0	2	8	6	2	0	0	372	8	4	0	9	12	0	4	0	0	1	0	0	0	0	0	24	0	0	7	1	70	7	1	0	9	2	2	0	4270	1	9	5	0	0	0	2	2	0	0	0	0	0	2	2	0	0	0	0	0	0	0	1	0	0	0	6	0	2	1	0	0	0	0	0	9	1	2	1	3	10	0	0	2	0	1	2	158	0	0	0	1	0	14	0	3	0	0	0	1	3	6	0	1	1	2	18	0	3	0	1	0	10	4	0	128	0	0	0	0	0	5	0	24	0	0	0	0	1	0	0	0	0	1	0	0	4	0	0	0	0	122	0	0	4	0	0	0	7	0	0	0	0	0	0	0	0	1	1	0	1	1	0	0	0	0	4	4	2	0	0	24	15	0	5	1	0	3	0	0	0	0	5	6	0	0	6	0	3	1	0	0	0	3	2	1	27	0	0	1	0	0	2	0	0	0	0	1	22110	0	3	41	16	0	7	4	0	3	4	27	0	5073	0	1	0	42	8	1	5	0	1	4	1	1	1008	1	49	0	0	0	1	24	1	1	1	0	9	3	0	16	0	2	0	0	0	12	8	1	6	3	1	0	30	5	2	1	12	0	1	4	25	110	0	0	5	0	0	1	3091	1	0	0	1	30	14	0	10	5	1	0	15	1	0	20	0	0	2	2	0	0	0	2315	0	16	3	1	0	12	1	290	2	2	5	2	1	1	24	1	0	5	1	4	24	8	13	5	92	1	34	0	214	1	20	1	1	7	2	2	2	12	39	0	0	3	9	26	0	1	5	0	6	1	0	0	1	0	173	56	2	2	178	1	8	8	1	4	2	0	0	19	0	6	2	1	11	0	3	19	0	70	1	511	0	30	5	7	2	0	0	1	8	0	0	1	18161	7	3	0	36	0	0	0	0	34	22	86	2	5	6	1	2	5	80	2	0	1	1	2	9	10	1	2	16	1	13	0	1	0	1	6	0	0	0	4	3	0	3	2	4	282	0	0	4	9	1	20	8	2	0	0	0	0	9	3	5	1	0	0	32	1	0	0	5	6	0	15	0	17	0	0	0	1	2	6	0	0	0	0	0	1	5	2	0	1	0	1	19	0	0	0	0	0	2	6	0	2	0	0	0	51	15	0	0	0	0	3	0	5	0	0	0	0	48	0	0	5	0	0	0	0	0	1	0	7	0	92	3	0	4	1	3	0	1	1	0	0	0	0	0	0	0	1	0	0	0	12	8	0	1	0	0	0	0	0	10	2	6	0	0	0	6	0	0	4	10	4	0	0	2	13	0	1	2	0	11	1	3	8	3	2	0	0	1	2	0	0	0	0	0	4	0	2	9	0	4	2	4	0	1	0	0	0	0	0	0	0	1	0	0	0	2	3	1	4	0	0	0	0	0	1	1	0	0	0	3	0	1	0	0	0	0	0	1	0	0	0	17	1	0	0	3	2	20	0	4	2	14	0	65	0	0	0	8	0	24	0	0	5	2	19	0	1	0	0	0	13	0	2	6	1	0	3	1	0	0	0	0	0	8	0	0	10	0	117	0	0	24	0	3	5	0	0	1	5	0	17	1	4	2	0	0	0	1	0	11	0	0	5	0	12	10	9	17	8	0	0	0	0	0	0	0	0	0	0	9	71	0	0	0	0	0	8	3	0	1	10	9	0	1	7	6	0	1	0	7	0	34	1	2	1	0	0	5	0	1	43	0	0	2	0	1	0	0	0	0	24	0	0	0	0	1	68	0	0	3	0	1	0	0	0	0	0	18	17	0	0	0	0	0	0	0	0	0	2	0	0	0	0	3	7	2	0	0	1	2	0	0	0	0	8	0	0	0	1	8	0	0	6	0	1	3	4	2	0	0
Eukaryota	Picozoa	2	3236	5302	53	110	1	12	2	6	8	1809	25	391	17	1858	1	2	11	4	2	1	1	532	0	37	1	6	25	1	4	4	6	4	0	2	953	3	2856	3398	4681	9597	86	30	22	4775	45	20170	10	185734	2104	1	10	67	25	2	23	3	19158	24	778	20	6	6786	2	2657	13	18	3760	1	2	5176	781	9	9484	0	2	1416	16	136	1	160	2970	344	0	11886	0	3	5589	4081	0	7	6	3741	271	2	4240	126	18	7451	0	6981	33	9	41	2	2863	6	0	12	5	0	1	11	16	560	875	5	21	6974	42	4	17	1	3	0	1778	2462	0	9	1881	22993	97	2	3220	4392	11	150	4036	2	2	7	1	3	2	4133	3506	6	33	0	10	10934	19	3	5096	11	0	1	0	3	47348	0	217	3299	274	10	3	14	6	1	149	2	2091	1	18	0	6	5	5640	0	61	1	92085	6	3888	970	1	0	5	0	3233	1	1	25	6	16	17	5	18	2529	6	10369	4	10236	13	1771	1	1	7405	26	4	3575	4135	2569	4181	9	59	1	24	228	1791	5	27	2030	12	18	0	10	26754	3238	835	1	16	27887	4	1095	8	434	0	3499	0	0	3536	11403	3	2	111229	0	51	1845	18	8	1	5	2	2787	4	104	3097	8632	3766	4	2	3436	2031	15	1006	7518	1421	2	3	3	8	0	1	2	1	695	4	124	4130	19	1591	52	9	3	7	38	3515	4189	3496	6356	5489	6390	15	410	0	6223	6	3009	2	5071	0	5	26	0	5	2	29	33	8440	4436	2	0	4751	36	14	6	18	565	5060	386	20	4	10784	6	8	15	5830	1	5	3764	214	5	0	6981	24	160	9	8	3816	5	4	1	93	21	42	7744	15091	8118	2531	0	4949	76	0	2651	1343	688	2	24	3420	23	5974	121	1	1601	1	40	8	34	4	6843	2	2	32576	19	31	3260	1406	6	1236	2193	3349	25	4	1	37481	1317	0	0	3	3	7	175	215	1	3	3	9027	40	5	2	2	20	8	28	22	16	8266	11	3	5	9	6	9824	4	4	2	1	5	14	155	6	0	3188	3225	3	6	3508	0	8	4560	14749	3	1	13	33	7	6	2	34	16	1	2	2	497	6	0	5	13	1	3725	7	5	27	225	124	3865	3529	15	573	15	15	8	1604	0	194	1	2580	440	249	0	11	1616	2	2	11	4	1188	8	0	7273	1	44	11	0	51	4	3	29	6	1	130	15183	0	4	96	7	5	3	6	83	35	2	4	689	36	9	83	5	6	0	2935	69	4	30	8226	1	4	40	199	6	3758	4304	342	894	3207	304	5314	744	10	93	429	6132	862	8	1671	3	242	26	2076	7598	646	650	51	27	33	33	98	10	2	87	31	577	7	3894	4666	1172	39	906	458	405	3246	15	416	258	12343	1229	1296	1	5372	552	39	3986	33	73	24	1793	1360	1385	1083	6074	940	1040	550	2068	2451	6255	35	2105	210	787	4172	552	1463	460	65436	9	133	16	3694	1040	16	5966	4435	613	24	1782	40	1260	2366	810	22	8	794	36	7621	5	3	74	19	307	22314	7741	1786	1005	73	137032	6410	30	2	1644	2230	203	38	221	19	29	2487	2225	225	1473	111	9	3780	2465	5436	66	10198	1571	14	677	1129	1595	200	526	1747	1	773	23	6620	1149	2777	3	541	10672	2148	285	376	1992	773	950	4419	8142	51	8679	5131	17	30	451	2153	990	1512	97	327	626	626	43	173	4578	0	50	259	1043	332	5231	148	5015	9	121	364	32	144	101	2361	146	887	5	2374	689	1880	54	497	33	4519	4356	658	2563	34	999	97	162	22	48	2209	1668	5326	988	2514	9942	3707	244	79	919	360	0	33	216	6	338	4480	654	12	8712	11	10	292	2120	5874	2931	3202	12710	909	739	5080	307	105	4480	4689	85	1	418	5745	139	1532	2590	3565	1805	2251	1644	50	32	9	143	676	2	67	5	118	507	642	1363	12251	286	328	3098	84	14	198	166	1148	1860	5472	259	136493	73	826	7756	2971	1237	2115	1	370	3634	12	21	6	1442	18582	14	8940	0	10031	8	1	5	0	9210	16	1739	181	18	4	3261	32212	11772	10	7	2	7	38770	3407	1	233	443	224	8	7379	10120	4	11474	4	12	46791	8769	13960	1	1	17	8	10	5	21997	8	15880	3	2	8599	15	97	3381	1	6	0	343	21970	159	2	9164	10	17610	21721	8	14652	6	8887	2888	362	44	75	1074	1	14	9013	122	3	1175	415	3	41	14884	6812	18	2041	0	1	10748	2	1	3254	3387	18	1	35	7	5359	1657	267	1	1566	2006	286	21	235	11475	24	695	40964	300	5270	1234	200	2759	171	7	3	4	29889	3	3	8	2	18	231	1719	7	0	19192	5	4411	9	10	7	3130	9	3	73	5	0	1	1632	5551	4	9	1	8213	9619	2987	84	7	933	0	1	11	77886	3	145	9	5	12459	11	4708	264	4	0	42	11632	598	60	5	82923	10143	2367	7	92	12821	72	31614	9	12337	3279	7700	0	4145	13	17	13	27	17	484	5	5	10189	7218	23577	107	5862	12	3	6	3796	1	5501	166	1479	1	221	76	2	119	0	1	5	5134	8	9	20039	33	3929	1	10	30	2	1778	309	17	5	2	2	262	2294	13099	5893	5	0	97	3	1	10	20469	152	10	10552	4	2794	24	7025	11999	29	9	63	106	2	43	2013	0	1	2	189	21278	25480	29	420	2	1	0	2722	3	2530	13271	217	10524	10	38	15999	12852	1	14	8	3	13	9087	22	61	38	78697	25	29276	3839	268	10191	21	16106	7093	0	8707	3	47	9559	3496	15411	1	194	4	0	6097	12363	45	1672	3	2	8731	237	3	6	115	3	9022	4145	3	0	7	116	1	114	0	51	3	11464	14	4404	96	687	195	12591	4	3	9	156	144	0	36	2	0	9880	2674	509	173	2371	173	78	118	3761	412	14084	57	11076	24711	5	10
Eukaryota	Pinguiophyceae	0	1	1	0	0	0	7	0	0	0	0	0	0	0	0	0	0	2	3	0	0	0	0	0	4	0	1	25	1	0	0	0	0	0	0	0	0	260	16	57	3	11	0	0	0	0	12789	0	0	4	0	0	0	0	0	0	0	0	0	0	0	0	0	0	239	1	44	1	0	0	22	0	0	1	0	0	56	1	5	0	3	1	0	0	113	0	3	0	0	0	0	1	4	17	0	3	0	1	0	0	0	0	0	5	0	0	3	0	0	2	0	0	1	0	1	0	0	0	2	0	0	0	0	1	0	7	0	0	8	1	543	0	0	0	1	0	0	0	0	0	1	0	0	0	29	0	0	0	0	0	0	1	3	4	0	0	0	0	0	2	0	0	0	0	0	0	29	0	0	0	0	0	0	32	0	1	0	7	0	0	0	2	8	2	1	0	0	0	0	0	0	0	3	0	97	0	0	1	0	0	159	14	170	5	0	0	0	57	0	0	2	228	0	1	2	5	0	0	0	81	0	13	9	13	0	0	0	1	0	0	1	0	26	0	0	0	0	0	0	0	0	9	24	1	0	0	0	3	5	0	0	0	0	0	1	2	0	0	327	0	15	0	1	0	0	1	0	1	0	0	0	0	0	0	0	0	1	0	0	1	0	4	10	0	1	0	18	0	0	1	0	2	0	1	287	0	8	0	0	0	0	2	0	0	0	0	0	0	67	18	1	0	10	409	0	0	1	0	329	2	0	0	3	15	42	0	0	0	0	1	0	0	0	0	15	0	4	5	17	4	0	0	1	0	12	0	24	12	9	1	0	1	0	0	1	0	0	0	0	106	0	0	5	0	11	1	0	2	4	0	20	0	0	1	3	27	64	0	0	0	3	0	1	57	0	5	0	0	0	0	0	2	3	0	0	0	0	5	0	0	0	0	0	1	0	0	1	4	0	0	0	4	0	16	3	6	0	0	0	1	43	0	0	1	0	0	0	0	0	1	3	121	0	0	0	9	0	3	0	1	0	0	0	0	151	9	0	0	1	0	0	0	0	0	0	0	0	0	1	0	2	0	0	0	0	0	33	0	3	0	0	0	0	0	0	0	0	3	0	0	1	0	36	0	0	62	0	0	2	0	0	0	7	0	0	0	0	0	0	0	0	0	0	0	0	0	0	0	0	0	0	6	0	240	0	4	0	0	0	0	15	8	6	0	2	20	0	46	1	0	0	0	6	0	0	0	0	1	0	1	2836	0	0	1	57	4	0	0	0	0	0	0	1	0	27	1206	0	0	0	87	0	0	0	0	88	948	0	0	0	1	0	0	0	0	0	0	5	15	13	0	1568	0	1	0	2	0	15	0	0	1	0	2	0	0	0	2	0	0	0	0	0	11	291	4	0	1	6390	0	0	4	0	13	0	0	9	2037	0	0	24	2	5	1	592	0	0	81	0	132	0	0	58	0	2	4	2	1	2	3	41	167	0	0	0	2	19	4329	0	471	0	0	14	0	1	277	0	0	0	1	0	4	1	9	0	0	0	4	0	12	1	0	0	5	15	0	1479	3	0	0	8	0	0	0	0	0	578	4	8	0	0	1	0	4	0	0	1	10	4	0	1	1876	6	21	0	0	0	9	4	0	1715	11	38	8	0	1	2	0	11	1	0	0	0	0	0	0	1	2475	0	0	1	2	0	0	356	0	0	0	13	0	1	0	0	0	1	7	0	0	0	2114	0	621	10	0	1	0	2	1	62	24	991	3	0	1	15	45	0	0	2	0	1	0	6	8	11	0	0	0	2	0	0	0	27	2	0	0	2	0	0	0	0	2	2	0	0	1	0	0	1	0	0	1	1	10	24	0	18	15	0	6	55	29	0	2	0	20	8	1	10	1	4	283	18	1	62	6	0	2	0	0	4	15	8	7	2	53	575	8	258	8	0	9	2	0	10	1	6	2	0	18	0	1	3	136	0	15	0	14	1	1	107	1	0	3	0	49	2	25	5	16	7	14	9	44	49	0	1	0	0	8	5	1	0	20	1	100	0	76	14	0	0	1	9	0	8	1	1	0	0	4	2	1	0	2	9	0	65	8	0	1	0	0	3	2	1	2	18	583	9	5	9	3	1	16	21	0	0	2	4	5	0	0	3	0	47	2	21	0	4	0	38	9	5	3	4590	0	9	107	1	0	0	4	2	0	1	3	0	19	1	3	1	1	1	0	0	13	1	3	6	2	36	0	7	204	4	1	4	6	6	102	3	8	12	4	7	117	1256	9	1572	2	13	23	20	0	0	6	9	142	2	19	0	10	2	3	0	138	64	15	14	0	6	0	0	11	57	7	0	0	9	0	15	0	2	3	0	0	21	80	0	168	1	0	2	549	6	0	3	9	0	1	0	1	75	5	1	0	106	1	0	1	0	0	0	1931	4	15	1	0	3	2	0	1	55	0	0	4	0	0	17	2	0	0	1	576	0	0	0	11	0	1	10	2	62	1	0	538	15	2	2	0	0	2	0	0	0	29	3	8	614	1	1182	18	0	0	1	1	8	0	11	0	17	32	0	271	3	1	0	1	9	10	4	0	5	27	0	2	0	0	1	0	2	1	0	13	0	267	0	29	0	88	0	5	0	542	11	275	0	0	3	4	0	0	62	0	0	55	1665	23	5	550	14	3	127	236	0	21	6	199	0	5	1
Eukaryota	Placozoa	0	0	1	0	4	0	0	0	0	0	0	0	0	0	1	0	0	0	0	0	0	0	0	0	0	0	0	0	0	0	0	0	0	1	0	0	0	0	0	0	12	0	0	0	0	0	0	0	5	0	0	0	0	0	0	0	0	0	0	0	0	0	0	0	0	0	0	1	0	0	0	0	0	3	0	0	0	0	0	0	0	1	0	0	0	0	0	0	0	0	0	1	0	0	0	1	1	0	0	0	0	0	0	0	0	0	0	0	0	0	0	0	0	0	0	0	0	0	0	0	0	0	0	0	0	0	0	0	0	0	0	0	0	0	0	0	0	0	0	0	0	0	0	0	0	0	0	0	0	0	10	0	0	1	0	0	0	0	0	0	0	0	1	0	0	0	2	0	0	1	0	0	0	0	0	0	0	0	0	0	0	3	0	0	0	0	0	0	0	0	0	0	0	0	0	0	0	0	0	1	0	0	1	0	0	0	0	1	0	0	0	0	0	2	0	0	0	0	0	0	0	0	0	0	0	0	0	0	1	0	0	0	1	0	0	0	0	0	0	0	0	0	0	0	0	1	0	0	0	0	0	0	0	0	0	0	0	0	0	1	0	0	0	0	0	0	0	0	0	0	0	0	0	0	0	0	0	0	0	2	0	1	0	0	0	0	1	1	0	0	0	0	0	0	0	0	0	0	0	0	0	0	0	0	0	0	0	0	0	0	0	0	0	0	0	0	0	0	0	2	0	0	0	0	0	0	0	0	0	0	0	0	1	0	0	0	0	0	0	1	0	0	0	0	0	0	1	0	1	2	0	0	0	0	0	0	0	0	0	0	1	1	0	0	1	0	0	0	0	0	0	0	0	0	0	0	1	1	0	0	0	0	0	8	0	1	1	1	0	0	0	0	0	0	0	0	0	0	0	0	0	0	0	0	0	0	0	4	0	0	0	1	0	0	0	0	0	0	0	0	0	0	0	0	2	0	0	0	0	0	0	0	0	0	0	1	0	0	0	0	0	0	0	0	0	0	0	0	0	0	1	1	0	0	0	0	0	0	0	1	0	0	0	0	0	0	0	0	0	0	0	0	0	0	0	1	1	2	0	0	0	0	0	0	0	0	0	0	0	0	0	0	0	0	0	0	0	0	0	0	0	1	0	0	0	0	0	0	0	1	0	0	0	0	0	0	1	0	0	0	0	0	0	0	0	0	0	0	1	0	0	0	0	3	0	1	0	0	0	0	0	0	0	0	0	0	0	2	0	0	0	0	1	0	0	1	1	0	0	0	0	0	0	0	0	2	0	0	0	2	0	0	2	0	0	0	0	0	0	0	0	0	0	4	0	0	0	0	0	0	0	0	0	0	1	0	0	0	0	0	1	0	0	0	0	0	0	0	0	0	0	1	0	1	0	0	0	1	0	0	0	3	1	1	0	1	2	0	0	0	0	0	0	0	0	0	0	0	0	0	0	0	0	0	0	0	0	1	0	2	0	0	0	0	0	0	0	1	0	1	0	0	0	0	0	0	0	0	0	0	0	0	0	0	0	0	0	0	0	0	1	0	0	0	0	0	0	0	0	2	0	1	0	0	2	0	0	0	0	0	0	0	0	0	0	0	0	0	1	0	0	0	0	0	1	0	0	0	0	0	0	0	0	0	1	1	0	0	1	1	0	0	0	0	0	0	0	1	0	0	0	0	0	0	0	0	0	2	1	2	0	0	0	0	0	0	1	3	0	0	0	0	0	0	0	0	0	0	0	0	0	0	0	0	0	0	0	1	0	0	0	1	0	0	1	0	0	0	2	0	0	0	0	0	1	1	2	0	0	1	0	0	0	0	0	0	0	1	0	0	0	1	0	0	0	0	0	0	0	0	0	0	0	0	1	0	0	0	0	0	0	0	0	0	1	0	0	0	0	0	0	0	0	0	10	0	0	0	0	0	0	0	0	0	0	0	0	0	0	0	0	0	1	0	0	0	0	0	0	0	0	0	0	0	0	0	0	0	0	0	0	0	0	0	0	0	0	0	0	0	0	0	0	0	0	2	0	0	0	0	0	0	0	0	0	0	0	0	0	0	0	0	0	0	0	0	0	0	0	0	0	0	0	0	0	0	0	0	0	0	0	0	1	0	0	0	0	0	0	0	0	0	1	0	0	0	0	0	0	0	0	0	0	0	0	0	0	0	0	0	0	0	0	0	0	0	0	0	0	0	0	0	0	0	0	0	0	0	0	0	0	0	0	0	0	0	1	0	0	0	0	0	0	0	0	0	0	0	0	0	0	0	0	0	1	0	0	0	0	0	0	0	0	2	0	0	0	0	0	0	0	0	0	0	0	0	0	0	0	0	0	0	0	0	0	0	0	0	0	0	0	0	0	0	0	0	0	0	0	0	0	0	0	0	0	0	1	0	0	0	0	1	0	0	0	0	0	0	0	0	0	0	0	0	0	0	0	0	1	0	1	0	0	0	0	0	0	0	0	0	0	0	0	0	0	0	0	0	0	0	0	0	0	0	0	0	0	0	0	1	0	0	0	0	0	0	0	0	0	0	0	0	0	0	0	0	0	0	0	0	0	0	0	0	0	0	0	0	0	0	0	0	0	0	0	0	0	0	0	0	0	0	0	0	0	0	0	0	0	0	0	0	0	0	0	0	0	0	0
Eukaryota	Platyhelminthes	5	41	65	92	44	61	187	1	4	4	3	15	15	95	1	11	3	21	100	434	39	264	1	118	50	97	8	156	36	90	9	17	7	12	11	100	87	23	91	36	6	140	18	29	14	7	60	17	15	13	71	11	70	221	85	32	18	22	69	36	91	98	7	24	32	90	62652	12	288	87	83	27	1667	12	49	32	24	56	183	34	146	71	72	7	87	15	89	73	66	17	114	43	15	55	11	17	56	147	7	5	14	43	16	210	12	5479	85153	72	328	1111	43	99	42	710	10	2	34	137	118	830	189	37	29	22078	9	34	53	13	105	16	19	1	2	13257	44	52	120	24	0	18	47	184	56	10	134	79	5	100	9	8	96	26	65	41	3	4	75	16	35	16	4	98	0	5	3	30	5982	22	1	7	9	12547	35	36	30	296	53	23	10	50	2	21	231	82	15	12	16	246	14	6	135	9	138	4	4831	35	88	168	93	2	47	12806	36	184	6	29	35	8	27	191	3	144	26	8	3024	183	4	3	108	155	995	292	319	245	7	19	19	137	8	124	115	2288	113	2	6	41	77	5	1	4	8	54	64	84	2	9	6	25	24	24	60	35	25	23	8	81	420	57	19	10	19358	41	7	49	119	171	56	55	8	16	312	11	240	25	10	130	11	11	15	69	41	28	101	25	65	28	4542	13	274	37	19	66	13	8333	19	80	50	75	77	117	7	1068	47	23	15	86	15	3	5037	60	11	25	258	44	806	30	64	44	12303	6	214	40	207	54	3135	10	135	25	8	30	9	18	26	0	121	2490	184	174	16	73	35	1	25	5	204	29	39	76	25	42	5	16	44	29	16	19	21	13	13	9	35	18	21	2	27	25	36	13	21	111	36	399	22	105	507	1793	9	107	138	41	46	41	21	75554	132	3	21	15	386	31	55	21	10	2	45	16	36	41	523	16	19	105	0	27	14	110	125	56	9	44	141	11	14	71	93	74	19	30	13	18	26	6111	11	4	9	10	49	5	23	192	3	7	31	11	55	239	42	41	53	253	47	130	25	92	140	127	63	17	566	111	53	1069	101	51	248	381	2	7157	259	11	65	21	20	41	39	6	13	18	33	350	16	176	55	62	667	2	31	110	43	31	234	15	598	12	2	3036	23	28	238	1	32	21	47	20	6	17	13	24	52	6	100	5	30	20	16	11	4	29	1	161	338	27	44	5	366	37	2350	13	85	6	6	31	76	282	65	7	37	4	22	0	15	13	63	30	5	16	0	3	3	14	62	16	5	193	16	70	73	77	98	1	0	10	24	88	17	48	108	21	48	10	254	10	2	14	9	14343	3	37	7	401	228	301	102	29	36	33	24	21	24	17	477	2	7	22	53	76	22	170	26	69	1	22	20	6	29	5	10	72	79	8	664	13	93	132	54	38	38	33	50	12	38	3	3	565	648	972	10	104	44	200	7	7	8957	22	45	80	28	3722	138	12	20	103	26	155	4	482	26	20	38	78	25	39	6	11	59	181	237	2	75	80	6	160	18	344	260	19	558	124	1	37	88	36	82	4	16	25	0	132	23	60	3	31	78	71	3002	12	1731	239	12	2195	6	7	112	15	100	76	80	69	20	1035	88	7	46	369	41	50	2	154	19534	232	68	112	116	20	83	36	202	23	447	1	143	226	26	756	161	22	2	407	47	15	37	2039	1	43	84	89	20	325	60	37	154	255	3	2	2266	18	88	0	16	82	45	15	9	36	5	14	39	77	72	1162	100	50	9	38	147	6	701	83	71	6	2	42	102	18	7	18	95	0	548	112	11	50	333	16	11	3	3	60	28	0	23	16	26	9	48	66	1	10	8091	9	7	29	118	30	123	6	24	34	776	10	85	28	175	21	7	13	15968	20	318	28	0	31	116	0	3	32	87	37	46	183	3693	190	39	6	76	39	83	57	6	15699	5315	4	17	77	204	74	164	62	15	35	14	193	84	20	7	38	35	7	7	218	29	25	666	37	29	225	16	1	74	17	4	257	189	122	17	57	57	22	25	9	19	15	5	85	5	22	56	418	5	5	1156	4573	153	32	16	131	7	68	1091	36	53	109	18	0	0	6	147	110	112	17	895	1307	1	167	66	5	116	293	1	3	14	2	951	47	5	10	114	20	98	17	1151	11	260	218	306	1362	118	206	3	1132	18	136	8361	708	2	215	30	48	102	12	121	10	944	24	78	65	151	10099	2467	1122	19	23	0	26	11	3	341	77	46	41	8	8	26	97	506	165	1109	193	43	118	26	56	8	1	492	11	89	50	89	60	28	35	338	34	26	27	41	61	38	8	37	85	167	187	3	301	21	182	3	172	64	32	46	113	157	53	0	201	16	398	44	11	1670	58	60	46	287	34	11	6	98	57	5	70	2	108	27	269	43193	1	4	2	89	2519	32	381	1614	62	21	6	51	158	8	1	151	67	170	0	38	62	432	17	1719	112	6	20	11	233	44	56	67	15	159	260	1	4753	27720	14	154	155	15	151	138	3	104	25	32	2084	5	802	3	69	972	68	7	41	5434	7	33	3509	56	28	3295	35	35	3	77	7	22	4	8567	50	88	0	40	54	1	61	29	151	5	143	52	70	70	73	12	22	2065	51	39	8	20	39	447	50	75	19	499	76	31	682	25	37	1	5	271	32	132	25	82	494	1	52	8	240	0	62	1336	1948	8	185	39	65	109	144	23	93	229	4583	60	106	414	27	326	102	192	39	109
Eukaryota	Porifera	2	1	8	0	3	0	6	0	0	0	1	0	1	0	0	1	3	9	1	28	3	2	0	3	842	1	0	6	0	0	0	1	4	1	0	1	26	0	16	0	1	83	1	0	1	0	3570	0	1	2	0	1	0	1	2	0	0	0	6	1	2	5	0	1	0	5	1665	0	2	1	3	0	0	1	0	0	1	1	1	5	0	269	0	0	258	4	4	7	2	0	2	10	1	2	0	1	1	0	1	0	1	3	0	3	16	0	0	0	7	20	2	1	1	1	0	0	4	2	3	1	4	1	4	0	0	7	2	0	0	0	31	0	0	1	0	1	0	0	0	0	4	1	6	0	3	0	0	0	0	2	1	3	3	2	0	1	1	0	1	19	0	0	0	1	0	2	1255	0	0	0	0	1	1	53	0	0	1	2	0	0	0	1	0	5	88	0	0	0	0	0	2	5	3	5	1112	8	1	1	3	0	2172	124	1948	1	0	0	0	0	0	2	0	11	0	0	50	845	0	0	0	4	0	4	0	2	0	2	1	15	1	0	1	26	7	1	0	1	0	3	1	2	0	1	14	0	0	0	1	0	0	1	6	0	5	1	0	1	3	1	22	1	18	5	0	0	2	0	10	0	0	1	17	0	2	1	3	1	0	2	0	0	12	1	1	3	18	1	1994	1	0	0	0	6	0	151	72	1	2	0	3	2	0	59	6	0	1	0	1	0	1409	10	1	0	7	5	0	0	0	2	149	1	0	3	0	7	69	3	3	5	1	0	1	0	0	0	1	6	147	10	4	4	5	0	1	0	4	4	5	5	0	0	1	0	0	4	2	0	1	0	0	4	1	0	1	0	1	0	1	4	2	3	2	2	0	1	3	451	3	2	3	1	1	6	2	1332	6	32	0	0	0	3	1	3	0	0	3	0	1	0	0	0	1	0	0	0	4	7	0	3	0	0	2	1	23	5	1	2	0	1	1	20	2	0	1	0	2	0	6	0	0	3	0	3	5	1	0	0	2	13	1	1	0	2	6	4	5	36	6	0	0	1	1	4	1	0	8	1	1	2	2	0	0	1	4	1	0	0	2	0	6	1	5	4	0	0	1	1	1	5	3	0	6	2	4	0	0	799	0	0	3	0	1	0	4	3	0	0	0	2	4	0	1	1	0	0	0	0	0	0	0	5	7	3	0	75	0	1	19	0	8	0	0	2	2	35	3	0	31	0	1	0	0	1	9	1	0	0	0	0	0	2	138	1	0	3	0	1	1	7	1	0	0	0	7643	4	1	1360	230	0	0	1	30	0	6	0	10	16132	1	1	0	39	29	0	0	11	1	0	4	2	5	5	2950	1	0	0	3	0	4	1	1	0	0	4	0	0	0	0	0	1	2	0	154	1582	31	0	1	0	0	8	0	2	1	1	2	108	356	3767	0	3	7	3	0	0	9231	0	0	5	0	88	0	0	2	2	2	1	30	189	2	0	42	5	3	0	0	0	8	12321	2	0	1	0	7	43	0	10	25	0	4	1	1	3	155	9	0	0	0	0	1	21	0	5	0	4	3	24	4909	3	1	6	2	300	1	4	0	0	752	1	6	3	2	18	0	0	2	1	7	4	0	0	23	1	626	7	2	0	49	2	21	155	71	2	14	2	0	1	2	0	3	4	2	4	6	0	0	2	1	7738	0	358	11	244	16	7	0	2	11	0	3	0	1695	2	0	0	7	0	0	1	2	110	2	1802	3	0	0	4	16	0	1	1	5	19	0	1	0	0	0	2	5	0	14	0	0	1	6	0	0	6	12	0	1	0	2	1	47	2	5	10	0	0	7	0	19	1	41	0	1	2	7	4	146	0	0	0	9	0	1	45	1	11	0	7	0	3	10	0	0	0	3	0	5	0	10	0	1	0	2	1	1	0	1	52	74	0	0	4	7	2	57	0	1	0	0	2	0	0	0	0	2	0	0	1	1	1	0	1	0	2	0	2	3	1	0	1	25	34	0	2	492	0	2	0	1	8	0	0	0	0	1	2	0	0	11	0	6	2	0	113	2	18	8	2	0	0	0	0	0	1	2	1	1	2	5	93	0	2	1	1	0	0	0	1	1	0	36	3	0	1	0	10	0	2	11	1	7	3	2	0	3	198	0	0	0	58	0	0	0	0	64	0	5	0	1	0	17	0	2	0	0	0	3	0	0	0	0	0	0	1	1	6	2	7	0	4	0	0	0	0	25	1	1	11	2	3	0	0	3	0	0	8	1	0	33	1	56	0	1	0	13	0	1	0	2	1	4	29	1	335	4	0	0	1	4	0	0	4	3	2	784	5	1	0	0	0	36	0	0	0	2	1	1	0	921	1	0	0	1	1	0	1233	62	0	1	1	18	40	0	1	4	2	0	0	0	0	0	0	6	0	0	0	2	0	51	0	1	0	0	3	2	0	0	0	2	0	0	2	0	1	195	3	4	29	0	5	1	0	1	0	1	194	0	1	55	0	7	0	0	2	1	0	0	4	18	0	9	7	0	0	2	2	0	3	10	1	112	0	1	0	2	0	1	1	0	0	2	1	0	5	0	0	1	0	2	0	0	2	30	24	2	0	2	0	16	390	5	2	0	0	2	0	27	0	0	27	0	3	0	0	0	0	16	3	1473	0	1	0	1	0	0	6	3	0	0	57	0	519	26	2	30	2	1
Eukaryota	Priapulida	0	0	0	0	0	0	0	0	0	0	0	0	0	0	0	0	0	0	0	0	0	0	0	0	0	0	0	0	0	0	0	0	0	0	0	0	0	0	0	0	0	0	0	0	0	0	0	0	0	0	0	0	0	0	0	0	0	0	0	0	0	0	0	0	0	0	0	0	0	0	0	0	0	0	0	0	0	0	0	0	0	0	0	0	0	0	0	0	0	0	0	0	0	0	0	0	0	0	0	0	0	0	0	0	0	0	0	0	0	0	0	0	0	0	0	0	0	0	0	0	0	0	0	0	0	0	0	0	0	0	0	0	0	0	0	0	0	0	0	0	0	0	0	0	0	0	0	0	0	0	0	0	0	0	0	0	0	0	0	0	0	0	0	0	0	0	0	0	0	0	0	0	0	0	0	0	0	0	0	0	0	0	0	0	0	0	0	0	0	0	0	0	0	0	0	0	0	0	0	0	0	0	0	0	0	0	0	0	0	0	0	0	0	0	0	0	0	0	0	0	0	0	0	0	0	0	0	0	0	0	0	0	0	0	0	0	0	0	0	0	0	0	0	0	0	0	0	0	0	0	0	0	0	0	0	0	0	0	0	0	0	0	0	0	0	0	0	0	0	0	0	0	0	0	0	0	0	0	0	0	0	0	0	0	0	0	0	0	0	0	0	0	0	0	0	0	0	0	0	0	0	0	0	0	0	0	0	0	0	0	0	0	0	0	0	0	0	1	0	0	0	0	0	0	0	0	0	0	0	0	0	0	0	0	0	0	0	0	0	0	0	0	0	0	0	0	0	0	0	0	0	0	0	0	0	0	0	0	0	0	0	0	0	0	0	0	0	0	0	0	0	0	0	0	0	0	0	0	0	0	0	0	0	0	0	0	0	0	0	0	0	0	0	0	0	0	0	0	0	0	0	0	0	0	0	0	0	0	0	0	0	0	0	0	0	0	0	0	0	0	0	0	0	0	0	0	0	0	0	0	0	0	0	0	0	0	0	0	0	0	0	0	0	0	0	0	0	0	0	0	0	0	0	0	0	0	0	0	0	0	0	0	0	0	0	0	0	0	0	0	0	0	0	0	0	0	0	0	0	0	0	0	0	0	0	0	0	0	0	0	0	0	0	0	0	0	0	0	0	0	0	0	0	0	0	0	0	0	0	0	0	0	0	0	0	0	0	0	0	0	0	0	0	0	0	0	0	0	0	0	0	0	0	0	0	0	0	0	0	0	0	0	0	0	0	0	0	0	0	0	0	0	0	0	0	0	0	0	0	0	0	0	0	0	0	0	0	0	0	0	0	0	0	0	0	0	0	0	0	0	0	0	0	0	0	0	0	0	0	0	0	0	0	0	0	0	0	0	0	0	0	0	0	0	0	0	0	0	0	0	0	0	0	0	0	0	0	0	0	0	0	0	0	0	0	0	0	0	0	0	0	0	0	0	0	0	0	0	0	0	0	0	0	0	0	0	0	0	0	0	0	0	0	0	0	0	0	0	0	0	0	0	0	0	0	0	0	0	0	0	0	0	0	0	0	0	0	0	0	0	0	0	0	0	0	0	0	0	0	0	0	0	0	0	0	0	0	0	0	0	0	0	0	0	0	0	0	0	0	0	0	0	0	0	0	0	0	0	0	0	0	0	0	0	0	0	0	0	0	0	0	0	0	0	0	0	0	0	0	0	0	0	0	0	0	0	0	0	0	0	0	0	0	0	0	0	0	0	0	0	0	0	0	0	0	0	0	0	0	0	0	0	0	0	0	0	0	0	0	0	0	0	0	0	0	0	0	0	0	0	0	0	0	0	0	0	0	0	0	0	0	0	0	0	0	0	0	0	0	0	0	0	0	0	0	0	0	0	0	0	0	0	0	0	0	0	0	0	0	0	0	0	0	0	0	0	0	1	0	0	0	0	0	0	0	0	0	0	0	0	0	0	0	0	0	0	0	0	0	0	0	0	0	0	0	0	0	0	0	0	0	0	0	0	0	0	0	2	0	0	0	0	0	0	0	0	0	0	0	0	0	0	0	0	0	0	0	0	0	0	0	0	0	0	0	0	0	0	0	0	0	0	0	0	0	0	0	0	0	0	0	0	0	0	0	0	0	0	0	0	0	0	0	0	0	0	0	0	0	0	0	0	0	0	0	0	0	0	0	0	0	0	0	0	0	0	0	0	0	0	0	0	0	0	0	0	0	0	0	0	0	0	0	0	0	0	0	0	0	0	0	0	0	0	0	0	0	0	0	0	0	0	0	0	0	0	0	0	0	0	0	0	0	0	0	0	0	0	0	0	0	0	0	0	0	0	0	0	0	0	0	0	0	0	0	0	0	0	0	0	0	0	0	0	0	0	0	0	0	0	0	0	0	0	0	0	0	0	0	0	0	0	0	0	0	0	0	0	0	0	0	0	0	0	0	0	0	0	0	0	0	0	0	0	0	0	0	0	0	0	0	0	0	0	0	0	0	0	0	0	0	0	0	0	0	0	0	0	0	0	0	0	0	0	0	0	0	0	0	0	0	0	0	0	0	0	0	0	0	0	0	0	0	0	0	0	0	0	0	0	0	0	0	0	0	0	0	0	0	0	0	0	0	0	0	0	0	0	0	0	0	0	0	0	0	0	0	0	0	0	0	0	0	0	0	0	0	0	0
Eukaryota	Rhombozoa	0	0	1	0	0	0	0	0	0	0	0	0	0	0	0	0	0	0	0	0	0	0	0	0	0	0	0	0	0	0	0	0	0	0	0	0	0	0	0	0	0	0	0	0	0	0	0	0	0	1	0	2	0	2	0	0	0	0	0	0	0	0	0	0	0	0	0	0	0	0	0	0	0	0	0	0	0	0	0	0	0	0	0	0	0	0	0	0	2	0	0	0	0	0	0	0	0	0	0	0	0	0	0	0	0	0	0	0	0	0	0	0	0	0	0	0	0	0	0	0	0	1	0	0	0	0	0	0	0	0	0	0	0	0	0	0	0	0	0	0	0	0	0	0	0	0	0	0	0	0	0	0	0	0	0	0	0	0	0	0	0	0	0	0	1	0	0	0	0	0	0	0	0	0	0	0	0	0	0	0	0	0	0	0	1	0	0	0	0	0	0	0	0	0	0	0	0	0	0	0	1	1	0	0	0	0	0	0	0	0	0	0	0	0	0	0	0	0	0	0	0	0	0	0	0	0	0	0	0	0	0	0	2	0	0	0	0	0	0	0	0	0	0	0	0	0	0	0	0	0	0	0	0	0	0	0	0	0	0	0	0	0	0	0	0	0	0	8	0	0	0	0	0	0	0	0	0	0	0	3	0	0	0	0	0	0	0	2	0	0	0	0	0	0	0	0	2	0	0	0	0	0	0	0	0	0	0	0	0	0	0	0	0	0	0	0	0	0	0	0	0	0	0	0	0	0	0	0	0	0	0	0	0	0	2	0	0	0	0	1	0	0	0	0	0	0	0	0	0	0	0	0	0	0	0	0	1	0	0	0	1	0	0	0	0	0	0	0	0	0	0	0	0	0	0	0	0	0	0	0	0	0	0	0	0	0	0	0	0	0	0	0	0	0	0	0	0	0	0	0	0	0	0	0	0	0	0	0	0	0	0	0	0	0	0	0	0	0	0	0	0	0	0	0	0	0	0	0	0	0	0	0	0	0	0	0	0	0	0	0	0	0	0	0	0	0	0	0	0	0	1	1	0	0	0	0	0	0	0	0	0	0	0	0	0	0	0	0	0	0	0	0	0	0	0	0	0	0	0	0	0	0	0	0	0	0	0	0	0	0	0	0	4	0	0	0	0	0	0	0	0	0	0	0	0	0	0	0	0	1	0	0	0	0	0	0	0	0	1	0	0	0	0	0	0	0	0	0	0	0	0	0	1	0	0	0	0	0	0	0	0	0	0	0	0	0	0	0	0	0	0	0	0	0	0	0	0	0	0	0	0	0	0	0	0	0	0	0	0	0	0	0	0	0	0	0	1	1	0	0	0	0	0	0	0	0	0	1	0	0	0	0	0	0	0	0	0	0	0	0	0	0	0	0	0	0	0	0	0	0	0	0	0	0	0	0	0	0	0	0	0	0	0	0	0	0	0	0	0	0	0	3	0	0	0	0	0	0	0	0	0	0	0	0	0	0	0	0	0	0	0	0	0	0	0	0	0	0	0	0	0	0	0	0	0	0	0	0	0	0	0	0	0	0	0	0	0	0	0	0	0	0	0	0	0	0	0	0	0	0	0	0	0	0	0	0	0	0	0	0	0	0	0	0	0	0	0	1	0	0	0	0	0	0	0	0	0	0	0	0	0	0	0	0	0	0	0	0	2	0	0	0	0	0	0	0	0	0	0	0	0	0	0	0	0	0	0	0	0	0	0	0	0	2	0	0	0	0	0	0	0	0	0	0	0	0	0	0	0	0	0	0	0	0	0	0	0	0	0	0	0	0	0	0	0	0	0	0	0	0	0	0	0	0	0	0	0	1	0	0	0	0	0	0	0	0	0	0	0	0	0	0	0	0	0	0	0	0	0	0	0	0	0	0	0	0	0	0	0	0	6	0	0	0	0	0	0	1	0	0	0	0	0	2	0	0	0	0	0	1	0	0	0	2	0	0	0	0	0	0	0	0	7	0	0	0	0	0	0	0	0	0	0	0	0	0	0	2	0	0	1	0	0	0	0	33	0	0	0	0	0	0	0	0	0	0	0	0	1	1	0	0	0	0	0	0	0	0	0	0	0	0	0	0	0	0	0	0	7	3	0	0	0	0	1	0	0	0	0	0	0	0	0	0	0	0	4	0	0	0	0	0	0	0	0	0	0	0	0	1	0	0	0	0	0	0	0	0	0	0	0	0	0	0	0	0	0	0	0	0	0	0	0	0	0	0	0	3	0	0	185	2	0	0	0	5	0	0	0	0	0	0	1	0	0	0	0	0	0	0	0	0	2	0	0	1	0	0	1	0	0	0	0	0	0	0	3	0	0	0	0	0	1	0	0	6	0	0	0	0	0	0	0	16	0	0	0	0	0	0	0	18	0	0	3	0	0	0	0	1	0	0	0	0	0	32	0	0	0	0	0	0	0	0	0	0	0	0	0	0	0	0	0	0	0	0	0	0	0	0	0	0	0	0	0	0	0	0	0	0	0	0	0	0	0	0	0	0	0	0	0	0	0	0	1	0	0	0	0	0	0	0	0	0	10	0	0	0	0	0	0	0	0	0	0	1	0	0	0	0	0	7	0	0	0	0	0	0	0	0	0	0	0	0	0	0	0	0	3	0	0	0	0	0	0	0	0	1	0	0	0	4	0	0	0	0	0	0	0
Eukaryota	Rotifera	0	0	88	0	0	0	0	0	0	0	0	0	0	0	0	0	0	0	0	6	0	0	0	0	0	0	22	0	0	0	0	0	0	0	0	0	0	0	0	0	0	0	0	0	1	0	0	29	0	0	0	0	1	0	3	0	0	0	1	0	0	0	0	0	0	13	14	0	0	0	0	0	0	0	0	3	0	0	0	0	0	0	0	2	0	0	0	3	38	0	0	0	2	2	0	0	1	0	0	0	0	2	0	0	0	15	2	0	0	0	0	0	0	0	1	0	0	3	3	0	0	2	0	1	0	0	0	0	0	0	1	0	0	2	0	1	3	0	0	0	8	0	0	0	1	0	0	0	0	0	0	1	0	0	0	0	0	0	0	7	2	0	0	1	0	0	0	0	0	0	0	3	0	0	0	0	0	0	0	0	0	0	1	0	0	0	0	0	0	0	0	0	8	0	2	0	0	28	0	0	0	6	0	0	2	0	0	0	0	3	0	13	0	0	6	0	0	0	0	0	4	8	32	0	0	0	0	241	0	46	0	1	0	0	0	0	0	0	0	1	1	0	0	0	0	0	0	0	0	0	0	0	0	0	0	1	0	0	0	0	8	0	0	0	0	18	1	2	0	0	0	28	0	0	1	0	0	0	0	26	0	2	5	0	0	1	0	7	2	0	0	0	0	9	0	0	0	0	2	2	0	0	2	0	0	0	0	0	0	0	0	2	0	0	0	0	0	0	1	0	1	0	1	20	7	0	0	50	0	0	0	0	0	0	19	0	1	0	0	0	0	0	4	2	0	0	0	293	0	0	0	3	0	0	0	2	0	0	0	0	0	0	2	0	1	0	0	0	0	0	0	0	0	7	1	0	0	0	1	0	2	54	35	11	0	0	1	0	0	5	0	0	0	0	0	0	0	0	0	0	0	4	0	0	0	1	11	0	0	2	0	0	0	0	0	0	0	0	0	0	0	6	0	0	0	0	4	0	0	0	0	94	0	0	0	18	0	1	0	0	0	0	1	0	0	0	0	6	0	2	2	0	0	0	200	2	0	13	3	1	0	1	0	1	0	0	0	2	0	0	2	0	0	0	0	0	0	0	0	2	0	0	0	0	0	0	1	0	0	0	0	0	0	0	0	0	0	0	0	0	0	0	1	0	0	4	0	0	0	0	0	2	1	0	4	0	0	0	0	0	0	0	4	0	0	0	0	1	2	0	4	0	0	0	4	0	8	65	0	0	0	0	1	0	0	0	0	0	0	0	0	0	0	9	0	0	0	0	0	0	0	1	0	0	0	1	0	0	0	0	2	0	0	0	6	0	0	0	7	0	0	1	0	0	0	0	0	2	0	0	0	0	1	0	0	0	0	1	0	0	0	0	0	0	1	3	0	0	0	0	0	0	0	0	0	0	0	10	0	1	56	0	0	1	16	0	0	0	3	0	0	0	0	1	0	2	0	3	1	0	0	4	0	0	0	0	1	0	2	0	0	1	0	0	0	0	1	2	0	0	0	0	1	0	1	0	0	0	0	0	0	0	0	0	0	8	0	387	0	0	0	0	0	0	0	1	2	0	0	0	0	0	0	0	0	2	0	3	0	0	0	39	0	0	0	1	0	0	85	0	0	0	0	0	60	0	0	446	0	0	1	0	0	3	0	0	0	0	0	0	0	1	0	0	0	0	0	0	0	0	0	0	0	0	0	0	0	0	1	1	0	0	0	2	4	0	140	0	0	0	0	0	1	0	0	0	0	0	2	0	0	0	26	1	9	0	0	14	0	0	0	0	0	0	1	0	0	0	6	0	0	0	1	0	1	0	2	0	0	0	0	8	11	0	0	0	0	0	0	0	0	3	0	0	0	0	0	0	0	0	0	0	0	0	0	0	0	0	0	1	0	0	0	0	0	0	1	0	0	15	0	0	0	0	2	0	0	0	0	5	1	1	0	0	0	0	0	14	0	0	0	0	1	0	0	0	0	0	1	0	0	0	0	0	0	1	0	0	0	0	0	0	0	0	0	3	1	0	0	0	0	0	0	0	0	0	3	0	0	0	1	0	0	0	0	0	0	0	7	0	0	0	59	0	0	0	0	0	2	0	1	0	9	0	0	1	0	0	0	0	0	0	0	16	0	0	0	0	0	0	0	0	2	0	0	0	0	0	0	0	0	0	0	2	0	0	0	1	2	0	0	0	0	0	0	0	0	0	0	0	0	0	0	0	0	0	0	0	1	0	0	2	0	0	4	0	1	0	1	0	0	0	29	0	0	0	0	0	4	0	0	1	3	0	0	9	0	0	0	0	0	0	0	0	0	2	0	0	0	0	0	0	0	0	0	0	0	7	0	0	0	0	0	2	0	19	0	0	2	10	0	0	0	0	0	1	0	0	0	0	0	1	1	0	0	3	0	0	0	0	0	0	0	0	0	0	0	0	7	1	0	0	0	0	0	0	0	1	0	3	0	0	0	0	0	0	0	0	0	0	0	0	1	0	0	0	2	0	0	0	0	2	0	0	2	0	0	1	3	4	0	0	3	0	0	0	279	0	0	0	0	0	0	1	10	0	0	0	0	0	1	0	0	0	0	0	0	0	0	0	0	0	0	0	0	0	0	0	3	0	0	0	0	0	0	0	0	0	2	0	1	0	0	0	0	0	0	0	7
Eukaryota	Streptophyta	17	2663	1672	48	92	16	27	12	10	94	287	330	87	814	222	24	1	63	8	253	22	113	226	27	29	45	131	101	4	31	57	20	628	10	234	3078	407	777	144	1080	284	674	241	525	1573	25	2237	255	23	471	56	506	60	251	119	16	331	10528	3055	413	1005	42	143	133	786	262	160	742	29	343	6816	344	75	471	14	1287	478	42	133	9	76	837	56	27	1287	17	67	2279	2030	77	72	26	1562	28	13	746	23	13	960	6	591	901	54	11	12	986	25	62	123	38	24	22	152	71	284	166	49	44	1011	3354	38	529	38	13	15	95	1607	34	17	1200	1021	42	13	984	818	28	116	1456	0	6	19	65	18	9	1121	15	16	28	19	11	1184	586	494	1902	312	47	18	7	817	120	14	55	231	342	608	42	30	104	3	91	22	1128	92	151	17	38	25	2740	13	1245	67	50	32	2617	287	40	216	2	4	215	19	30	452	4	56	14	264	119	484	186	1053	54	1019	12	360	13	44	1089	70	29	715	867	1345	525	21	66	40	12	48	624	13	2070	418	231	70	7	30	1486	560	445	11	4377	5182	1051	508	16	26	34	296	109	37	373	3314	7	3	25	146	7	191	111	17	46	18	8	343	352	41	1016	607	1233	49	19	342	193	31	253	945	852	610	13	12	189	407	17	434	26	177	11	74	2083	306	666	2109	44	54	1019	40	763	2637	680	1749	4305	495	95	112	55	2074	28	675	44	1279	300	151	20	447	91	17	26	53	1557	823	92	5	1205	2416	36	15	151	3085	102	932	87	11	1477	213	371	173	338	16	27	432	395	4	35	2120	183	1049	92	26	2996	16	36	84	36	49	2058	767	1818	2421	838	3	286	99	8	2994	448	522	262	268	643	814	1290	12	7	2189	1444	19	51	403	81	755	25	23	1826	37	199	575	920	16	2196	899	1016	436	147	30	222	509	13	49	8	875	62	179	118	252	13	37	2426	86	47	34	12	8	56	173	10	258	5203	540	74	132	4	66	5038	70	6	60	16	243	99	133	38	13	194	1370	59	82	74	149	810	639	1330	15	23	153	622	10	25	121	4991	122	13	111	2	520	14	21	34	145	2767	1488	72	40	74	1471	153	417	1224	42	667	14	1496	67	1701	26	517	20	1147	2039	241	30	23	894	26	212	6	44	416	7	44	508	32	28	36	13	340	73	37	3226	3	15	86	8788	9	59	507	11	16	88	55	164	35	26	21	564	43	8	385	6	72	36	329	766	784	92	947	321	23	69	257	173	1038	499	520	351	3116	168	124	556	16	195	313	1252	1073	13	59	24	48	32	1332	1176	111	458	63	31	34	1269	92	40	7	11	104	316	146	779	1559	743	113	376	957	297	527	34	84	155	1461	300	1551	33	7673	292	610	668	24	172	247	391	717	82	256	844	104	63	37	1219	2038	1307	1105	1083	841	358	1351	150	107	94	58	202	217	79	204	711	33	2212	1898	254	45	605	37	1016	632	772	22	13	1055	44	2567	85	149	38	102	59	27	890	727	200	119	26	963	373	79	451	4514	284	110	151	132	60	369	1258	51	629	204	20	1493	1554	1151	247	1958	523	86	12	254	545	831	128	745	63	1977	27	2199	506	2157	18	119	822	216	37	106	386	1079	92	1156	1918	50	1060	87	153	78	211	1076	474	21	1572	269	3765	929	37506	44	1015	140	9	138	302	1892	601	148	226	38	177	294	497	118	1887	924	281	80	149	827	532	26	138	237	113	856	855	282	76	126	626	194	42	93	85	1777	1258	1958	347	1250	1139	1307	144	352	280	37	82	43	108	20	230	589	343	291	37	25	102	130	286	1010	1798	419	1918	386	169	2249	194	46	656	1938	412	11	93	3581	11008	416	375	707	539	136	1074	527	9	29	141	362	25	134	19	247	1167	127	774	3343	176	51	2046	109	72	46	722	96	47	1448	144	13	443	112	116	1847	536	1701	15	952	1394	295	34	43	112	5818	172	2086	78	1880	47	7	120	22	470	5	8834	232	48	8	397	122	2300	8	40	9	83	934	5268	22	294	43	468	158	4077	1573	7	1835	26	783	33	1309	1784	16	28	9	43	18	66	661	4	871	30	20	1877	34	134	11036	21	41	13	52	50	83	8	1406	398	2113	101	26	839	15	1062	2054	28	310	8	468	133	196	1426	60	13	5231	48	99	56	1325	22056	18	1858	5	3	2720	27	33	4192	10533	265	46	16	23	829	328	590	68	1725	361	95	182	8395	1097	288	875	84	118	6997	908	80	405	1234	24	48	16	1214	36	3	66	12	51	399	54	5	111	2002	24	2152	388	52	28	2162	21	18	997	192	4	3	110	758	2275	2876	40	881	1056	3392	2243	1530	1235	5	19	645	95	63	37	236	6	1120	15	2556	108	43	3	25	64	156	766	38	53	1004	7592	9	32	1067	377	5602	11	465	940	1049	13	1779	242	20	38	56	279	634	13	6	1105	1007	2062	91	6355	2	56	34	1145	8	1220	1426	622	4	253	162	286	45	10	39	49	832	13	21	1761	8	1285	15	51	62	159	154	137	31	67	25	1344	84	2515	1612	13286	5	3	230	10	20	0	1571	372	108	1835	6	1869	19	1018	1931	420	8	14	87	20	2140	179	109	6	50	4515	1681	2547	13	361	13	114	29	2751	47	1485	680	1011	945	22	117	1079	1580	40	27	23	13	14	1757	3103	98	4033	146	36	3649	1376	181	1598	24	2878	768	0	1268	17	25	3283	1340	2527	2353	1561	291	9	6528	1026	541	391	23	20	3921	451	162	10	809	18	1132	954	12	19	18	230	29	70	164	36	41	8173	91	3874	19	1041	230	2035	21	4	3	1259	82	74	5	17	29	1016	409	931	291	121	67	142	840	1473	1021	889	24	1811	915	9	1599
Eukaryota	Tardigrada	0	0	0	0	0	2	1	0	1	0	0	1	9	0	0	0	1	0	4	5	1	3	0	4	1	0	0	0	2	0	0	1	0	1	1	0	6	0	0	1	0	2	0	1	0	0	17	0	0	0	0	3	0	3	6	0	0	0	0	0	0	1	0	1	0	2	8	0	0	1	0	0	8	0	4	0	0	2	0	6	1	1	0	0	0	1	2	1	0	2	0	0	0	1	3	0	0	0	0	0	0	1	0	0	0	0	1	0	7	2	6	0	1	2	0	0	3	0	0	0	10	12	0	4	0	0	0	1	0	0	0	0	0	0	0	1	2	0	0	1	0	0	0	5	0	1	0	0	3	1	0	1	0	0	0	0	2	4	0	13	0	0	0	0	0	2	1	0	1	0	0	0	2	2	3	1	3	1	3	0	0	0	2	0	1	0	1	1	1	1	0	0	0	1	1	5	1	1	1	0	0	4	0	0	0	0	1	0	0	2	0	0	2	0	8	0	0	2	0	1	1	0	0	2	0	4	1	0	0	0	2	2	1	2	0	1	0	7	0	1	0	0	0	3	0	0	0	0	0	1	0	0	2	7	0	0	8	0	0	0	0	4	1	0	2	1	0	0	0	0	1	0	0	1	1	1	0	0	0	1	0	0	0	6	0	2	1	1	3	0	0	4	0	0	1	1	0	2	0	12	0	1	3	0	0	0	0	1	1	0	1	0	3	0	0	0	0	3	1	1	3	4	0	0	3	1	0	0	3	0	1	0	0	0	0	9	2	1	5	0	2	0	0	1	2	3	3	0	1	0	0	0	2	0	0	0	0	0	7	0	1	0	3	0	0	1	4	0	1	1	1	1	1	0	0	0	0	0	2	1	0	0	0	21	2	0	0	0	0	0	0	23	0	0	0	0	1	1	0	0	0	5	0	0	0	0	0	1	0	1	4	0	0	0	0	0	0	0	2	1	0	1	0	0	1	2	3	0	0	0	0	1	0	2	2	0	5	0	0	2	0	0	2	0	0	0	0	0	0	1	2	2	21	0	5	0	0	0	1	0	0	1	0	0	5	0	4	0	1	0	1	3	0	1	0	0	0	2	0	3	0	0	0	0	0	0	0	1	0	0	2	0	0	0	0	1	0	0	1	0	1	0	0	4	0	0	0	0	0	5	0	1	0	0	1	0	0	2	0	0	1	0	0	1	2	0	0	0	0	0	0	0	0	0	0	0	0	0	0	2	0	0	0	0	0	0	1	0	1	0	0	1	1	1	1	2	1	0	0	0	1	0	0	0	10	36	0	1	0	0	0	4	0	0	0	0	0	1	0	1	0	0	0	0	0	0	0	0	0	3	0	0	0	0	0	0	0	0	0	6	1	0	0	0	0	0	0	0	0	0	0	0	0	2	0	1	1	0	0	1	0	0	16	0	0	0	0	0	0	1	0	0	1	0	0	3	0	1	1	2	1	0	0	0	0	87	0	0	1	0	2	1	0	0	0	0	0	3	0	0	0	0	0	1	0	0	0	0	0	0	0	0	1	0	4	2	1	1	2	0	2	1	6	0	3	2	8	0	0	0	0	0	0	0	0	0	0	0	1	0	0	0	6	0	1	0	0	0	3	1	1	7	1	1	0	0	0	1	0	0	0	1	0	0	1	3	0	0	0	2	3	2	0	1	1	2	1	0	0	0	3	1	3	0	2	0	2	1	1	5	0	3	0	0	0	0	1	0	0	2	0	0	0	1	0	0	3	1	2	0	0	15	4	0	0	1	0	0	0	0	0	0	0	1	3	0	0	0	1	1	0	0	0	0	0	1	2	3	0	0	0	10	0	1	0	1	0	0	1	0	0	0	0	0	0	0	0	0	0	0	1	0	0	0	1	1	1	0	2	0	1	3	0	1	1	0	0	0	0	0	0	0	0	0	0	1	1	0	1	0	2	0	6	0	2	0	0	0	0	0	1	3	1	3	0	7	3	1	3	0	0	2	0	0	1	1	3	2	2	0	1	0	0	0	1	15	4	3	0	0	0	0	0	0	0	0	1	1	1	0	2	1	0	0	0	0	0	0	0	1	0	0	0	1	0	0	0	0	1	0	0	0	0	1	1	2	0	0	3	0	0	1	46	4	0	1	0	0	0	0	0	0	3	1	5	2	0	0	2	0	0	0	0	0	0	0	2	0	0	0	1	2	0	0	1	2	4	3	0	0	0	0	1	0	2	0	0	0	5	0	0	0	0	0	0	0	0	0	0	0	0	2	0	0	0	1	0	0	0	0	0	2	0	0	1	0	0	0	1	0	1	0	0	3	1	0	3	0	0	5	4	0	0	0	0	0	0	1	0	0	0	0	1	5	0	3	0	1	0	0	0	0	0	0	0	0	0	0	0	0	0	0	0	0	0	4	0	0	1	0	1	0	2	0	0	0	1	1	0	0	1	2	1	0	1	0	0	0	0	3	0	5	0	0	0	1	0	9	0	0	0	0	0	0	0	0	0	0	2	0	2	0	1	0	0	1	0	0	0	1	0	0	0	0	0	0	0	0	0	0	0	0	0	0	1	1	1	0	2	1	1	0	0	0	0	0	0	0	16	1	0	2	0	0	0	1	0	1	1	3	0	0	0	0	1	0	0	1	2	12	0	0	0	1	0	0	0	1	0
Eukaryota	Unassigned	898772	1168685	576347	92938	573870	106696	855822	11945	639406	379645	512535	681771	386460	428942	221031	214676	249123	533565	238510	621562	151993	64236	173202	188659	194433	302972	406180	362152	222314	567481	255984	185295	762412	26627	168155	373050	778177	415193	204016	563164	393710	119989	910822	847368	556280	211774	1229926	532701	292796	246245	485714	102737	213641	545244	408288	160377	266537	4105764	814686	187538	505759	466724	298662	199970	396479	186675	171798	444232	312841	427195	702567	185195	50412	612450	279023	310445	299240	146632	968658	79052	1066449	335228	136789	86320	1245631	66797	228715	635973	515422	333610	524257	344865	819191	140454	30076	559657	143621	2365025	646804	10821	740130	352428	760282	837581	370504	376084	269789	118722	1132228	628012	96224	575048	170338	134870	168212	259508	228106	174430	546154	430901	292997	174300	512476	66870	20852	105234	374364	138784	345555	338314	1272345	65881	526937	597329	487501	625002	601736	396307	285657	56395	533245	55278	868075	7261	570257	116053	764777	65813	195370	38499	1382853	219194	112331	547241	321040	232939	93267	93000	334578	1381851	169453	213343	351722	139546	1353271	49775	782096	130284	564383	609111	449288	530055	456361	129570	112997	342640	417240	1439926	78684	695069	156148	391391	425375	602313	100116	276285	212626	24887	92923	215377	164323	595954	299732	470128	452542	101826	1275271	424615	378010	1219766	512038	138491	489881	277409	227543	139824	108739	650761	568747	131093	428128	599291	587437	688382	95598	1276522	606274	71644	261953	402368	100058	1241334	292602	883427	233069	48237	55171	1214770	389392	408079	114353	2260628	3025372	686665	246200	57340	154748	956991	395407	296902	33946	413375	1375376	43849	19444	175503	299990	34119	218204	544213	127486	435393	388409	80972	355618	424869	602742	705030	802956	364228	462475	168948	431053	269080	312179	150897	990000	454486	341514	207245	65834	189801	220806	303088	983619	151703	210340	43322	279350	526792	544824	222876	1032312	204566	553555	784289	571093	458544	616861	403984	770088	920157	413470	556377	666031	82784	1032011	87450	456478	256577	532445	424559	1590563	95990	555774	229451	48359	43163	596798	1349516	830940	187163	180704	650049	360361	147937	205826	413878	954123	202369	250451	177957	1108497	1824196	883619	688399	145208	272277	65289	103527	466777	95975	290050	454601	1423402	78239	189856	466725	110203	1334152	140498	27627	114950	407635	138793	1731473	560814	1584587	1103936	544462	19884	314377	316868	72034	798191	393195	229542	249729	1629360	398396	163382	1526717	71425	87189	234165	367800	127078	169452	595163	157850	514495	167886	111341	2042012	437812	88367	376919	202924	401926	510603	322804	361339	446493	134787	259129	526895	402530	37475	67239	732182	272243	185683	1192493	63696	87005	247190	144158	1019741	324693	401016	220667	57731	240943	2143471	1606534	1116893	425499	1179346	364053	220169	316265	1601669	1059274	1759848	350256	396890	401818	121659	225679	852182	84755	628511	163844	328817	1012778	530915	798544	155896	33290	291410	512085	1165651	991206	68497	455894	782532	96030	1465196	200873	476374	444212	165885	236657	19200	283356	209791	98858	321542	30864	1129544	400091	619300	303403	634919	587187	224295	436144	458025	130029	166322	987442	834404	346955	822171	82058	684479	122339	363802	1386683	463229	257913	210890	362917	290336	186318	386558	243582	333250	712280	398537	593164	60105	382407	496334	405319	142325	493996	117232	607691	196973	119579	354620	2575332	62667	109459	236905	15627	159744	103104	123283	437976	1221236	335494	13496	558253	1547668	269394	200490	206771	499164	208643	446895	725957	572781	417955	931281	779711	217273	49135	168143	2107507	869935	680548	926896	280307	755135	282184	1529858	262013	72547	446675	158734	2245198	435157	19647	333042	21897	395959	1204276	550326	1368897	127867	184214	706743	1367134	1727114	540175	236141	143276	713703	632121	72322	640845	225088	462785	708214	1007699	263686	524878	1802954	867281	596808	119212	456292	48365	582169	247024	1420452	43404	1238377	2364931	1721547	805959	36798	184623	505038	801666	280900	629013	466958	875221	200848	197284	124566	363124	583897	1224924	1271038	350153	1000251	454874	701121	245136	570591	88235	446757	248360	713579	206790	1815881	924866	845283	1557824	830472	416259	1175658	873593	26252	299214	711090	196033	1866456	7549	1867935	624578	1216363	149371	247720	1624285	633655	431247	156574	362810	435173	185843	1712824	278303	917156	811203	51249	388200	774929	162241	447367	1799690	116687	1519859	798732	641811	507668	252141	449963	77237	619334	1022036	440661	801574	888016	995490	197434	622490	4671456	464612	672011	2404832	416813	229984	642312	656517	670598	917762	1113396	85921	348677	2156722	312623	301905	1885484	982085	180042	922075	1105234	1366482	70650	384373	316149	57146	600209	308298	1697088	224913	1392769	311183	145300	1176869	492221	330794	708745	893443	1730080	35231	168603	247376	1356242	573122	1652384	292828	154175	1682170	226109	859582	1779449	348621	879044	145186	856889	1202288	366082	1638969	1989593	1631621	1075399	227873	641595	793617	262930	2104032	719222	209689	234892	609954	73280	51065	1027001	384553	1667408	305526	1935219	1534248	583181	250316	1362266	715618	171943	979218	237562	1262552	116603	590314	778912	218544	340623	494940	1337858	68772	128131	411748	1147714	624737	148900	1363297	522195	436137	871651	1923674	575286	591003	903405	2086999	92477	73935	973732	633884	365848	856456	657665	443704	144015	578954	1069491	1835776	268055	1255055	285989	20385	407927	780741	278209	196319	134330	313282	1021696	252998	128637	725826	222990	287254	186654	405423	496236	1768634	706942	231453	262935	256611	139349	505296	699854	971470	603749	1064779	3192212	820779	516162	775190	1118972	466970	2630880	897378	1848388	300633	1524553	960143	12864	609041	122744	1244758	910142	1309934	1093256	2094471	533993	657667	1270795	1488524	615465	1089062	1105575	328795	1653981	1401198	40689	552096	1794441	3323373	795963	1185583	1946366	1925409	1711282	553288	1211647	1603874	1155903	2391463	359539	744399	37735	189584	809987	1140582	1556429	535961	1739366	726908	655390	1389105	2579644	1352459	1235290	122982	460415	174086	631986	906378	535709	399559	1565377	1363583	1636136	1015592	1234599	1429056	612116	1258472	857862	320437	461155	257919	275905	719575	204150	827363	1914834	857046	1962313	215544	719206	599990	1495575	1690260	1796042	814268	2194	29314	1557924	2172584	333060	1890268	951666	330745	217287	7755	134484	1136468	1389644	1461368	325528	303762	206757	625838	610848	320163	1214922	444992	276118	1545012	1530106	1687274	871522	359204	608129	700902	169943	308028	787146	1453589	335607	75231	1318454	457060	1687788	1891702	1463176	17871	485794	1902752	892621	1027880	927757	820372	396099	3581717	900917	275011	414665	892914	1568285	162514	2256325	888034	1549213	2966	235984	723383	1264453	1130289	1490444	395795	642483	859636	159350	951372	1467377	935045	622771	1820929	397317	1287303	1688603	1461835	1569839	312950	30375	392139	891281	461733	2362655	253228	1759984	1661781	890652	352142	148754	1064260	689519	2017037	563566	1494079	1417793	1361071	1648613	1319427	1412422	1215265	764296	1346243	2246633	70925	651952	1856797	932482	995476	1470413	622406	1283313	16559	275274	2372107	1592929	458611	803825	2277185	984436	809014	2180071	1982106	947660	711080	35597	331711	1656896	460138	846616	2829715	2043742	2279399	741767	98813	33736	2608009	479868	701494	293961	487996	939351	445805	1315039	980688	307801	1716980	1518836	348323	221763	4410524	915007	481445	2288616	1221585	2320984	934386	1130454	308641	1341582	1302178	1257557	1547015	782639	1416153	1621473	119900	2090470	769853	1451288	334344	152798	1802857	632790	1547226	1506242	1075858	1494757	788841	1105562	1367052	1438106	676325	1122719	1737316	138310	1354201	362853	563150	1357849	1807830	525029	203837	440662	2116090	471107	903227	1666189	1145498	329495	1033972	8290	1691232	505951	533836	1482455	949982	997255	964081	97573	945485	145078	1443746	1714985	1779756	1844357	1164362	1044380	865551	345218	1653405	1171521	462512	1649423	378661	1349672	1919557	1552555	1406460	1050431	373687	1015836	928724	2054644	388793	395865	552145	634919	174001	508092	2120699	15151	881778	1579725	1433487	946103	701297	5014113	612913	1746656	406007	1665319	2226	1376051	146368	1111723	202076	1753749	1266553	1154375	1088788	1997857	1742371	1361766	1128890	424863	1172883	1044868	1441224	1208084	209509	2391107	1331072	271303	681418
Eukaryota	Xanthophyceae	0	0	0	0	1	0	0	0	0	0	0	0	0	0	8	0	0	0	0	0	0	0	0	0	0	0	0	5	0	0	0	0	0	0	0	0	0	0	0	0	0	0	0	0	0	0	0	0	0	0	0	0	0	0	2	0	0	0	29	0	0	0	0	0	0	1	3	0	0	0	0	0	2	0	0	0	0	0	0	0	0	0	10	0	45	0	0	0	0	0	0	0	0	0	0	0	0	0	0	0	0	9	0	0	0	0	0	0	0	0	0	0	0	0	0	0	0	0	0	0	0	1	0	1	0	2	0	0	0	0	2	0	0	0	0	0	0	1	0	0	0	0	0	0	0	0	0	0	0	0	0	3	0	0	0	0	0	0	0	1	0	1	0	0	0	0	0	0	0	0	0	0	0	1	0	0	0	0	0	0	0	1	0	0	0	0	0	0	0	0	0	0	4	0	0	0	0	1	0	0	1	4	0	0	0	0	0	0	0	0	0	0	1	0	0	1	0	0	1	0	0	0	0	4	0	0	0	0	0	1	0	42	0	0	0	0	2	0	0	0	0	0	0	0	0	0	0	0	1	0	0	0	0	0	0	0	0	0	25	0	0	0	0	0	0	0	0	0	0	0	0	0	4	0	0	0	0	0	3	0	0	0	15	0	0	7	0	0	1	0	0	0	1	0	0	0	0	0	0	0	0	0	0	0	0	0	0	0	0	1	0	0	0	0	0	0	0	0	0	0	0	0	0	0	0	0	0	0	0	0	0	0	0	0	0	0	0	0	0	0	0	0	0	0	1	0	0	0	1	0	0	0	0	0	0	0	0	0	0	0	4	0	0	0	0	0	0	0	0	0	0	0	0	0	0	1	0	0	1	0	0	0	0	2	0	0	0	0	0	0	8	0	0	0	0	0	0	0	0	0	0	0	0	0	0	0	0	0	0	0	1	0	0	0	0	0	0	0	0	0	0	0	0	0	1	0	2	0	0	0	0	0	1	0	0	0	0	0	0	0	0	0	0	0	0	0	0	0	0	0	1	0	0	0	0	0	25	0	0	0	0	0	0	0	0	1	0	0	6	0	1	0	0	0	0	0	0	0	0	0	0	0	0	0	0	2	0	0	0	0	0	0	0	0	0	0	0	0	0	0	0	0	0	0	0	0	0	0	0	0	0	0	0	0	0	0	0	0	0	0	0	0	0	0	0	0	0	0	0	0	0	0	0	0	0	0	0	0	0	5	1	0	1	0	0	0	0	0	0	0	0	0	0	0	0	0	0	0	1	0	0	0	0	0	0	5	0	0	0	2	0	0	0	0	0	0	0	1	1	0	2	0	0	0	0	0	0	0	0	0	1	0	0	1	0	0	0	0	0	0	0	3	0	3	0	0	0	0	0	0	0	0	0	0	1	1	0	0	0	0	0	0	1	0	0	0	0	18	0	0	0	3	0	0	0	0	0	0	0	8	1	0	0	0	0	63	0	0	0	0	0	0	0	2	0	0	0	0	0	0	0	1	0	0	0	0	0	0	1	0	0	1	0	0	0	0	0	0	0	1	1	0	0	0	5	0	0	0	0	0	0	0	0	0	0	0	0	0	0	0	0	0	0	0	0	0	0	0	0	0	0	0	0	0	0	0	0	0	1	0	0	0	0	0	0	2	0	0	0	3	0	0	0	0	0	0	0	0	0	0	0	0	0	0	0	0	1	1	1	0	0	2	1	1	0	0	0	0	0	0	0	0	8	0	1	0	0	0	0	0	0	0	0	0	0	0	0	0	0	0	3	1	0	0	0	0	0	0	0	0	0	0	0	0	0	0	0	0	0	0	0	0	0	0	0	0	0	0	5	0	0	0	0	0	0	0	0	0	0	0	0	0	0	3	0	0	0	0	0	0	0	0	0	0	0	0	0	0	0	1	0	10	0	0	0	0	0	0	0	0	0	0	0	0	0	0	0	0	0	2	0	0	0	0	0	0	0	0	0	1	0	0	0	0	1	0	0	0	0	0	0	0	0	0	0	6	0	0	0	2	0	0	0	0	0	0	0	1	3	3	0	0	0	0	0	0	0	0	0	0	0	1	0	1	0	0	0	0	2	0	0	0	0	0	0	0	0	0	0	0	0	0	4	0	0	0	0	0	0	0	0	0	0	0	1	0	2	0	0	0	0	1	0	0	0	0	0	0	0	0	0	0	28	0	0	0	0	0	2	0	0	0	0	0	0	0	0	0	0	0	0	0	0	0	0	0	0	0	0	0	0	0	1	0	0	0	0	0	0	0	0	4	0	0	0	3	0	0	0	0	0	0	0	0	0	0	0	0	0	0	0	0	0	0	0	0	2	3	0	0	0	0	0	0	0	0	0	0	0	0	0	0	0	0	0	0	0	0	0	0	0	0	0	0	0	1	0	4	0	0	36	0	1	0	0	0	0	3	0	0	0	0	0	0	0	1	0	0	1	0	0	0	0	0	0	0	0	0	0	0	0	5	0	0	0	0	0	0	0	0	0	0	2	0	0	0	0	0	0	0	0	0	0	0	0	0	0	0	0	0	0	0	0	0	0	0	0	0	0	3	0	0	0	0	0	0	0	0	0	0	0	0	0	0	0	0	0	0	0	0	0	0	0	0	0	0	0	0	0	0	0	0	6	0	0	1	0	0	0
Eukaryota	Xenacoelomorpha	0	6	4	0	15	1	3	0	0	1	0	3	0	3	0	24	0	0	0	81	0	0	0	0	0	0	42	12	11	2	1	0	7	0	0	9	3	2	3	8	0	1	1	7	0	0	621	39	1	0	2	0	0	1	2	0	1	1	1	0	4	59	1	8	0	0	541	5	0	1	3	0	2	0	26	1	329	1	7	0	0	547	1	4	0	399	1	4	0	1	2	0	0	674	0	0	0	0	0	0	423	0	0	0	0	233	2	0	0	0	49	0	453	111	7	0	0	0	4	1	0	686	0	0	0	3	0	279	0	0	50	0	1	1308	0	0	14	2	0	0	0	533	1	1	9	0	0	0	0	0	0	0	1602	5	0	0	0	20	1	1	2	0	0	0	5	0	666	349	0	0	0	1252	1147	3	2	7	0	1	19	5	0	0	97	2	171	1	0	1	0	0	0	2	0	3	11	1556	0	93	1	14	8	87	7	3700	0	0	0	4	0	0	0	75	1	0	146	56	0	1	0	378	0	1043	28	0	0	0	0	2	1	0	126	14	4	27	0	3	1	1	0	21	5	64	2	0	0	0	3	0	31	3	2713	0	11	0	0	2	0	1	6	1	21	3	0	0	1	10	1	1	0	1	3439	7	3	0	46	0	0	0	0	0	61	0	1	3	0	1	5	2	5	0	1	0	1	5	17	1	0	2	1	0	1	2	3	0	1	1	0	0	30	1	1	0	1	9	3	1	0	1	2354	0	0	127	0	3	49881	35	0	2	0	1	0	2	0	1	50	2	4	2	1	1	0	0	14	0	2	1	31	6	0	1	107	1	0	0	1	0	0	1	0	52	0	1	295	2	1	7	0	1	0	1	28	35	0	6	10069	6	49	0	0	8	0	0	242	840	0	0	0	0	236	0	1	0	0	0	18	0	2	0	0	0	32	1	0	279	7	0	8	1	0	36	1	0	1	2	8	0	0	0	4	5	8	13	0	0	2	0	0	0	516	50	0	6	84	0	0	21	1	0	30	58	0	0	2	1081	38	3	7	0	1	10	2	0	0	0	0	0	0	288	39	0	1	89	0	0	60	6	0	18	0	0	0	1	1	0	1691	0	0	1	0	1	10	6	4	0	0	19	0	13	44	0	0	0	2	0	20	2	0	7	14	21	0	0	0	0	0	0	0	0	1	2	0	3	0	0	0	0	0	1	102051	0	0	12	0	25	1	0	0	0	0	0	4	0	10	0	1	16	0	2	0	1	0	0	0	0	0	1	24	5	0	0	0	0	27	0	0	9	0	2	0	0	27	0	12	1	14	345	8	2	0	13	8	16	0	16	0	25	0	47	14	2	6	0	10	0	5	11	1	0	0	10	0	0	0	0	0	0	0	1	2	2	6	0	4651	1	0	3	25	54016	1	0	5	0	16448	40	1	14	0	0	0	0	0	0	226	0	0	1	0	1	29	0	684	2	0	2	1	33	1	412	2	1	1	2	0	0	0	48	1	9	0	0	0	27	1	2	15	0	0	0	0	0	0	4	0	1	0	2	116	3	10	0	359	0	7	24	13	1	172	2	0	13	0	0	4	0	0	0	3	3	1	0	0	0	3	7	1	0	0	1	0	0	0	66	7	0	5	0	8	3	52	1	0	0	3	0	1	1	1	5	0	34	5	163	0	0	2	8	1	2	2	1	4	14	0	0	0	0	0	0	8	1881	0	1	0	0	0	0	1	0	1	9	1	0	0	2	1	1	7	0	0	0	0	0	8	642	0	4	2	0	18	0	0	0	0	0	1	36	0	0	1	0	166	1	1	5	0	6	0	0	118	3	5	1	2	0	1	0	6	3	8	0	0	2	615	0	8	2	129	0	0	39	0	31	78	0	0	1	0	0	1	9	4	0	7	0	75	0	1	0	0	1	74	0	233	26	9	10	36	2	13	1	0	0	0	142	619	3	1	0	6714	642	30	74	1	1	4	179	277	0	0	0	0	3721	0	1487	0	119	13	0	0	230	0	0	11	446	11	0	1354	632	0	0	561	0	0	15	0	1	331	0	6	7	0	12	0	0	0	1	2	0	0	0	187	114	0	3	5	0	3	0	1	0	2414	0	7	0	0	0	2	10	23	5	593	0	713	0	276	753	17	7	0	0	1092	50	0	0	0	11	63	1	7	0	1314	0	1038	1	0	83	0	1	11	22	0	0	7	2	5	0	1	21	0	0	0	0	0	0	16	0	1	0	13	0	0	140	0	0	1	1	0	9	15	0	6	0	26	1	0	962	478	194	2	9	1	0	32	0	0	4907	0	34	1	587	0	1	0	21	0	6	0	4	2	0	442	0	116	1	0	0	0	0	1	0	0	0	0	0	2	12	0	603	52	0	1	1	1	0	147	3	1	185	0	1	4	1	0	0	25	1986	7	0	0	0	261	230	936	0	0	0	30	0	1	0	0	2	2	8	0	12	0	4	4	0	4	0	0	0	0	0	674	0	2	3	12	4	5	2	0	0	3	0	0	209	0	4	21	0	0	0	3	0	1	28	0	0	1	0	40	1	0	0	1	6	0	2	1805	0	0	1077	1	0	1196	0	1	12	0	0	95	0	0	0	886	0	0	8	0	26	0	0	96	0	0	0	0	1	89	19	1	17	0	3	1	0	1	1	1	1	2	6	0	1	0	0	0	22	0	358	50	15	18	0	137
Eukaryota	Zoopagomycota	1	16	2	2	4	0	4	0	0	8	0	2	1	2	0	1	0	0	0	10	4	0	0	0	2	12	4	5	0	0	0	0	1	0	2	5	19	4	7	2	0	12	4	7	45	0	31	6	9	1	0	1	6	41	6	0	0	18	2	0	0	2	3	2	2	3	7	8	2	4	16	0	0	2	0	3	0	7	4	0	1	6	0	0	87	0	1	1	2	2	2	2	0	1	0	14	2	0	1	0	61	5	2	1	0	74	7	1	2	0	8	1	4	137	2	0	3	14	29	15	0	2	1	3	3	2	8	0	0	0	37	0	1	81	6	0	3	1	0	1	1	0	0	0	17	14	0	5	3	1	132	0	3	6	8	0	0	7	1	0	1	3	0	0	1	2	14	1	0	0	0	161	0	1	0	1	2	6	2	2	0	4	1	18	0	0	0	0	0	1	1	0	2	1	3	1	0	4	31	2	28	4	16	2	0	0	0	34	5	3	8	8	2	7	6	0	0	2	11	1	0	1	5	2	6	0	0	0	7	17	9	5	3	2	0	3	1	0	1	1	1	6	22	2	1	3	1	0	4	1	0	2	2	1	2	4	1	3	29	3	0	0	5	16	5	1	1	2	0	1	0	1	2	0	2	1	4	0	6	2	6	1	0	0	1	1	14	1	0	4	10	19	2	0	1	1	2	2	52	7	2	2	22	3	6	1	0	0	0	39	7	3	0	19	8	2	1	5	8	0	6	1	11	12	4	3	9	1	3	0	1	1	1	1	5	1	19	1	0	3	0	1	2	1	0	16	19	18	13	27	0	14	2	1	14	38	0	1	0	11	1	23	2	2	6	2	1	4	0	1	22	0	1	59	0	0	1	1	0	8	1	1	3	32	5	17	61	2	3	0	0	1	4	0	1	1	1	4	8	1	1	0	0	0	17	0	3	15	1	0	3	1	1	11	0	1	0	2	2	0	2	1	0	0	4	0	4	2	0	4	7	150	1	0	14	3	2	0	6	8	1	0	2	0	4	1	3	2	1	1	2	1	0	0	28	22	0	85	0	3	1	6	3	1	6	0	0	1	29	6	1	0	6	3	1	0	2	4	0	1	7	1	0	0	0	0	1	0	6	0	0	5	4	0	0	2	2	2	3	0	13	0	2	0	5	42	3	0	0	6	2	5	9	5	1	7	32	1	1	0	0	6	5	48	6	9	1	3	4	0	3	2	2	23	0	0	1	1	0	1	74	6	1	10	0	0	1	2	0	0	0	0	14	4	19	20	1	1	2	127	12	10	0	2	1	22	14	11	0	18	27	0	52	1	2	12	2	0	0	0	24	3	0	0	3	5	39	3	1	6	4	5	3	12	0	1	0	15	0	0	2	13	2	11	1	0	1	0	7	1	1	1	0	20	4	50	2	5	1	0	2	0	16	2	2	1	7	60	15	0	3	4	4	3	27	0	0	9	5	4	1	2	1	0	14	40	14	39	9	1	0	5	8	0	6	1	12	35	0	1	2	5	0	0	11	6	0	5	0	2	0	3	1	1	19	5	15	1	0	3	1	15	5	2	4	10	17	8	35	3	0	1	9	26	14	5	4	2	0	2	14	9	5	15	10	1	2	9	7	3	86	16	0	4	10	32	9	7	3	1	7	13	0	5	5	43	3	3	1	5	0	31	1	0	12	0	7	0	3	93	1	0	2	2	0	3	20	41	8	4	29	1	1	3	21	2	65	174	12	0	3	2	131	3	0	8	27	2	2	16	0	0	7	41	0	0	0	1	1	4	0	25	1	0	14	3	1	1	3445	1	1	2	0	9	6	0	6	13	2	6	1	10	16	21	0	0	0	32	1	22	0	54	2	2	0	0	4	0	1	2	2	0	3	4	10	0	0	0	4	13	9	0	2	2	2	10	33	20	0	2	3	0	2	11	11	0	1	0	0	1	1	34	1	7	0	1	25	0	1	1	0	1	3	5	0	4	4	13	0	74	1	14	21	0	20	22	3	9	0	3	4	1	0	0	2	2	2	10	1	11	3	0	0	0	0	6	1	1	4	2	0	1	0	0	21	0	5	0	0	0	3	0	3	11	0	2	1	2	1	5	0	7	7	0	1	0	25	0	0	1	14	0	4	2	0	1	2	0	1	15	67	0	35	2	0	1	1	0	0	3	0	1	0	3	12	11	6	2	91	14	0	0	2	3	3	6	4	3	48	0	1	0	0	0	0	1	7	0	3	0	1	0	0	0	0	42	37	1	12	2	19	0	4	1	0	5	1	0	0	13	0	2	1	3	1	14	0	0	0	4	5	27	15	42	0	0	21	2	31	1	3	0	0	0	1	3	0	20	0	1	0	1	4	3	1	1	3	0	0	1	0	2	0	0	7	0	0	0	1	1	1	23	0	45	0	8	14	8	0	0	3	2	0	11	0	1	0	2	1	4	2	0	1	2	0	1	5	7	6	4	6	1	0	21	14	0	0	0	0	2	5	2	1	2	0	0	20	3	1	32	1	3	40	0	11	0	0	70	4	770	0	1	5	1	2	10	0	0	0	0	7	0	2	0	32	1	0	1	1	1	3	0	0	0	0	0	1	15	2	6	0	4	6	5	0	1	0	2	2	1	0	0	1	2	4	2	1	15	5	1	0	0	2	64	0	20	100	1	5
Mitochondria	Unassigned	3	98	21	21	41	21	14	0	0	5	1	2	13	3	3	1	0	0	1	3	16	2	8	0	3	204	4	342	0	0	0	3	7	0	0	244	1	26	33	11	1	110	14	16	30	4	412	2	12	12	0	101	7	9	5	24	0	46	16	31	2	1	10	1	16	6	32	10	1	13	80	7	1	6	4	7	22	11	7	0	5	89	0	0	110	1	1	252	97	0	60	1	307	0	1	84	4	12	31	0	40	9	393	1	0	47	7	8	712	0	3	1	3	0	9	1	77	4	93	211	0	13	0	1	0	23	48	1	3	16	120	3	0	82	24	1	6	4	0	3	4	6	0	0	42	0	4	6	0	2	96	12	39	16	7	1	87	1	2	46	0	3	20	37	0	3	7	3	1	2	0	58	1	25	14	1	13	1547	0	12	0	8	3	69	35	1	0	0	0	15	2	1	19	1	18	2	3	17	33	0	78	13	70	14	100	14	20	354	70	6	1	48	2	147	1	5	0	0	7	33	1	86	69	104	3	0	2	673	8	200	1	51	440	0	78	6	0	7	7	0	1	7	2793	0	0	11	0	0	8	28	3	3	6	8	27	16	9	31	42	5	128	2	27	17	2	27	109	51	0	0	0	0	6	0	3	145	19	2	1	93	167	28	31	0	1	14	227	269	205	17	39	69	35	59	26	6	75	7	49	13	35	4	2	31	1	1	0	0	40	328	65	4	2	37	178	136	5	4	1231	2	8	7	1	13	941	2	20	96	0	3	10	109	1	0	365	2	187	13	1	797	2	0	15	8	9	19	23	22	2914	39	0	5	2	0	100	3	110	0	0	3	146	187	1	0	36	15	8	2	598	0	16	0	0	19	20	10	1	61	1	815	55	6	6	16	1	122	7	3	0	0	2	3	40	7	15	0	0	65	38	0	0	0	1	23	572	4	7	77	1	3	1	1	0	63	10	1	2	10	0	2	17	13	2	13	71	4	10	9	19	41	2	40	37	2	0	13	1	33	15	30	0	0	1	1	46	3	0	5	4	2	128	3	3	3	207	36	7	63	2	15	8	4	5	369	4	8	0	18	1677	163	3	2	48	14	24	0	9	66	4	0	10	8	16	2	3	8	5	7	86	1	1	2	169	0	0	1	0	0	2	1	5	19	32	0	34	85	6	4	2	6	2	83	33	741	523	37	11	0	3	19	0	54	13	16	51	49	15	28	47	33	25	30	41	48	14	4	3	19	2	5	210	6	1	456	7	12179	441	10	38	4	7	17	3278	27	356	372	18	1	30	57	26	30	6	955	10	42	1	31	666	16	27	334	39	0	9	21	45	23	24	29	640	8	3	1710	8	34	201	0	13	39	28	50	38	27	1885	0	294	87	4	52	26	0	51	931	239	8	3369	2	4	9	12	12	1	67	62	266	3054	40	84	20	14	1	20	1	1	32	2	18	18	28	10	125	4	11	314	6	726	58	48	23	17	23	3	21	68	231	40	46	68	8	1	70	19	331	22	0	2	70	85	28	25	370	48	17	76	71	2	585	367	5	7	86	102	0	48	11	1	18	109	61	47	8	23	2	244	10	51	8	11	7	1	41	1	55	7	139	1	122	93	246	29	652	45	80	47	141	46	12	611	28	26	8	1	53	10	3	54	26	10	9	5	0	3	16	5	108	24	30	5594	28	6	49	1	6	1	0	24	499	3348	100	40	412	0	4	9	22	14	471	28	10	85	29	19	41	56	971	29	47	21	0	2	20	870	6	14	84	9	1	37	105	1301	0	481	5	10	41	2	26	34	4	38	92	5	5	66	5	1569	274	9	39	102	48	4	1	11	199	24	55	29	84	0	53	73	14	5	3	4	74	69	91	0	13	9	1	7	17	73	0	52	12	9	2	12	310	86	0	3	1	1	88	110	0	43	11	5	14	361	10	2	94	2	20	2	65	35	4	7	1	5	1	2	83	0	44	3	6	356	5	83	634	0	4	0	12	11	7	19	52	47	30	23	963	15	5	13	20	6	12	1	226	18	4	30	54	0	9	7	1	19	54	50	3	35	619	0	24	0	0	78	128	5	3	360	1	25	18	66	16	45	2	11	0	15	24	3	9	4	69	1309	28	4	21	82	3	5	4	109	17	0	12	6	71	5	259	0	57	190	9	400	1	5	5	110	0	1	16	1	0	0	3	15	4	0	2	42	46	41	145	6	53	1	0	33	25	156	11	36	15	101	0	274	8	1	0	0	9	40	53	18	25	28	18	9	3	305	28	134	2	39	52	24	0	39	8	1	3	340	23	10	8	0	17	354	177	52	402	0	8	0	24	13	11	29	42	1	5	13	23	25	1	0	1	8	0	7	1782	0	108	42	3	402	312	13	3	3	9	13	6493	35	56	213	490	68	0	4	6	69	0	12	62	34	1882	12	63	99	15	18	1787	0	3	2	0	674	34	0	1	13	2857	1401	1941	1	657	6	0	0	45	4	53	122	2	85	6	15	98	22	3	3	0	0	6	51	32	43	18	53	2721	88	13	46	233	3	55	52	0	322	20	4	274	96	92	1	51	13	1	82	25	8	34	13	0	26	11	13	0	128	0	27	1197	6	2	2	2	0	32	0	2071	7	374	4	90	2	401	11	21	92	1	874	39	2	56	0	1	0	25	5	117	22	27	79	5	2036	183	79	30	9	66	83	5	8
Unassigned	Unassigned	8	37	86	5	10	6	1	8	2	5	8	5	25	75	6	5	2	37	0	49	8	2	4	9	1	21	11	12	2	7	5	8	5	8	8	228	270	1	41	53	2	4	15	11	18	2	7	1	15	31	0	1	2	42	21	1	15	85	39	26	33	11	7	5	21	61	14	36	8	154	113	24	6	7	7	25	51	33	10	7	10	55	37	0	6	6	24	134	195	3	19	4	68	10	0	33	3	1	72	9	19	28	2	0	14	918	1	10	8	5	6	3	8	122	74	3	18	24	34	310	5	17	5	1	23	15	25	8	0	63	1	48	18	1	14	7	69	25	0	1	14	8	3	4	51	19	4	4	6	0	50	1	44	56	8	8	15	1	42	2	1	6	11	41	2	53	3	4	0	4	3	1939	6	13	5	4	13	69	1	32	8	32	17	24	9	2	16	0	5	6	3	10	84	1	0	9	2	13	7	19	80	0	59	15	16	5	0	27	7	16	6	50	29	24	3	2	29	0	7	1	1	5	223	4	4	3	13	253	24	165	9	55	244	14	12	5	24	2	8	7	0	25	102	5	3	17	7	5	8	14	3	52	9	0	35	111	33	59	4	11	17	21	51	4	10	97	149	282	13	2	1	6	20	2	6	11	16	3	2	180	23	42	38	13	5	11	6	43	1	39	50	129	12	24	9	10	108	5	16	17	89	14	42	5	55	5	0	0	5	34	53	9	16	43	453	5	0	28	59	2	10	17	0	3	17	13	97	49	2	4	14	24	7	8	231	13	3	17	6	756	4	12	14	4	9	49	56	32	37	18	3	12	12	13	31	12	110	8	43	46	12	21	7	0	49	5	31	7	3	5	35	6	11	66	3	3	1	43	5	71	63	87	27	4	14	13	25	1	113	8	24	3	31	20	13	8	3	131	4	4	3	5	1	8	1	1	10	63	19	12	2	0	2	80	9	1	14	8	2	35	8	12	1	7	64	118	3	1	6	69	4	15	1	5	79	35	37	0	22	104	41	6	48	0	43	2	8	0	9	90	121	10	6	5	297	28	16	1298	8	26	14	28	70	135	18	12	4	42	10	19	6	4	43	15	32	2	7	141	12	17	39	7	6	10	10	1	22	6	116	3	15	2	256	5	19	13	0	8	34	27	56	3	37	4	16	11	0	17	1	20	169	31	40	1	184	11	826	1	2	0	18	66	33	621	50	15	7	0	1	0	19	1	53	38	1	10	2	17	0	33	6	2	21	96	11	18	5	47	46	3	7	2	54	95	16	17	28	3	36	3	44	1	2	8	6	1	14	34	3	62	97	53	11	5	11	23	49	28	4	32	3	9	10	14	52	88	27	7	32	25	7	83	3	1	15	0	6	40	33	9	28	12	72	36	40	20	1449	1	58	12	65	3	0	166	18	3	2	84	12	41	12	4	30	18	26	10	16	1	114	2	51	1	9	38	8	1	6	26	22	16	36	33	2	18	76	58	107	6	73	22	1	25	56	141	5	23	284	72	6	8	4	72	32	4	49	21	5	23	8	15	14	20	57	14	17	20	274	163	17	13	6	4	60	18	4	19	154	71	48	1	9	20	3	239	17	9	4	62	18	2	7	20	67	14	50	6	22	42	63	4	36	7	12	17	104	13	3	288	63	16	17	490	1	1	81	15	25	15	147	61	15	158	1	2	59	4	25	3	101	37	42	17	12	8	3	16	39	39	92	6	138	55	4	99	448	7	7	91	332	0	5	63	15	50	3	83	12	2	1	114	0	2	108	8	10	9	0	31	228	3	39	41	8	9	60	113	8	4	1	1	0	74	8	20	78	26	27	52	2	21	0	19	32	1056	0	6	6	190	3	194	0	25	16	0	3	8	0	0	1056	50	15	3	1	8	142	0	22	2	1	32	1	3	27	21	43	2	15	14	1	104	1	18	2	1	51	1	5	1	0	7	5	43	0	100	5	4	124	5	8	135	1	1	35	13	0	8	7	60	33	45	5	7	31	1	19	5	2	18	0	5	139	1	14	5	8	180	9	102	14	47	267	22	26	0	0	16	25	0	14	103	20	11	2	10	18	1	43	3	5	1	3	1	39	41	0	4	3	7	216	9	24	25	7	14	32	0	42	6	1	0	1	22	561	11	1	29	222	1	61	1	0	0	365	6	4	7	2	0	0	4	34	2	0	2	14	98	11	68	1	13	5	16	1	5	28	5	63	1	142	5	33	39	2	0	1	3	4	1	3	0	83	226	3	10	23	5	22	3	69	5	126	1	100	22	2	10	36	13	5	4	1	77	111	307	54	43	0	1	0	4	6	32	89	23	0	1	5	6	2	0	0	5	10	2	0	2	8	9	1	0	3	5	14	129	0	3	8	4	21	8	6	874	19	0	64	3	12	0	72	23	41	198	3	301	1	25	121	16	1	0	4	1	2	30	1	9	14	30	34	108	3	34	4	0	1	9	4	608	0	173	63	2	28	36	164	0	15	0	0	3	75	4	28	26	1	2	11	148	10	15	7	21	24	0	88	8	1	23	166	482	3	4	3	0	132	13	24	7	13	2	114	4	2	1	64	43	2	3	1	0	16	262	19	10	0	0	2	20	48	17	1	76	6	95	232	4	0	5	51	37	0	2	2	135	192	52	2	63	16	63	12	39	4	26	0	21	40	0	7
